files/ascii_files/china_data/chinq_dem.asc
ncols         322
nrows         195
xllcorner     6154240.15
yllcorner     2016303.696253
cellsize      6
NODATA_value  -9999
[rows 0 to 41 of 195, columns 94 to 187 of 322]
382 383 383 384 385 385 385 386 386 387 387 388 387 387 387 387 387 387 388 388 387 387 386 386 385 385 385 384 384 383 383 382 382 382 382 382 382 382 381 379 379 379 380 380 380 381 382 382 383 384 385 385 386 386 386 387 386 385 384 383 384 385 384 384 384 385 388 387 387 387 389 390 391 393 395 396 398 399 402 403 404 405 406 408 410 410 411 412 414 415 416 417 417 417
382 382 383 383 384 385 385 385 386 386 386 387 387 387 387 387 387 387 387 387 387 386 386 385 385 384 384 384 383 382 382 381 381 381 381 380 381 380 379 378 377 378 377 378 379 380 380 381 382 382 383 385 386 385 385 384 384 384 383 384 383 384 384 384 384 384 385 385 386 387 388 390 391 393 395 397 398 399 400 402 403 405 406 407 409 410 411 412 413 414 415 416 416 416
381 382 382 383 384 384 385 385 385 385 386 386 386 386 386 386 386 386 386 386 386 385 385 384 384 384 383 383 382 382 381 380 380 379 379 379 378 377 377 376 376 376 376 377 378 379 379 380 381 381 382 383 384 384 384 384 383 383 383 383 383 382 383 384 384 384 385 386 385 388 388 390 391 393 395 397 398 400 401 402 403 404 406 407 408 410 411 412 413 413 414 415 415 415
381 381 382 383 383 384 384 385 385 385 385 385 386 386 386 386 386 386 386 386 385 385 384 384 383 383 382 382 381 381 380 379 379 379 379 378 377 376 375 374 374 373 375 376 377 377 377 378 380 380 381 382 383 383 383 382 382 381 382 382 382 382 382 383 383 384 385 386 388 388 388 390 392 393 395 397 399 400 401 402 403 404 406 407 408 409 410 411 412 412 413 414 414 414
380 381 381 382 383 383 384 384 385 385 385 385 385 385 385 386 385 385 385 385 384 384 383 383 382 382 381 381 380 380 379 379 379 378 377 376 375 374 373 372 372 371 374 375 376 376 376 377 379 379 380 381 382 382 381 380 381 380 380 381 381 381 381 381 383 383 385 386 387 387 388 390 392 394 396 398 399 400 401 402 403 406 407 407 408 409 410 411 411 412 412 413 413 413
380 381 381 382 382 383 383 384 384 384 384 384 384 385 385 385 384 384 384 384 383 383 383 382 381 381 380 380 380 379 378 378 378 377 375 374 374 373 371 370 371 370 372 374 375 376 375 377 377 378 378 379 380 381 381 380 379 378 379 380 381 380 380 380 383 382 384 382 385 386 388 389 392 396 397 399 400 401 402 403 404 406 408 408 407 409 409 410 411 411 412 412 413 413
380 380 381 382 382 382 382 383 383 383 383 383 384 384 384 384 384 383 383 383 382 382 382 381 380 380 379 379 378 378 377 377 376 375 375 373 372 370 369 369 370 370 371 373 374 375 375 375 377 377 378 378 379 379 380 379 378 377 377 378 380 380 380 380 381 381 383 383 384 385 387 389 392 396 399 399 400 402 403 403 404 406 406 407 407 408 409 410 410 411 412 412 412 413
379 380 380 381 381 382 382 383 383 383 383 383 383 383 383 383 383 382 382 382 381 381 381 380 379 379 378 378 377 377 376 376 376 375 374 373 370 368 368 369 370 369 371 372 373 375 375 375 376 377 377 378 378 378 378 378 377 376 376 377 378 379 379 379 380 381 382 383 385 387 390 393 395 396 399 400 401 403 404 404 405 405 406 407 408 408 410 410 410 411 411 411 411 411
379 379 380 380 381 381 382 382 382 382 382 382 382 382 382 382 382 382 381 381 380 380 380 379 379 378 377 377 376 376 376 377 376 375 374 371 370 370 367 367 367 368 370 371 372 374 375 375 375 376 376 377 377 376 375 376 376 375 376 377 377 378 378 379 381 381 382 384 387 390 392 395 396 397 398 400 402 404 405 405 405 405 406 407 408 408 409 409 409 410 410 409 409 408
379 379 379 380 380 380 381 381 381 381 381 382 382 382 381 381 381 381 380 380 379 379 379 378 378 377 377 376 376 377 377 377 376 376 375 370 370 370 367 367 366 367 369 369 372 374 375 375 375 375 376 375 375 374 373 373 373 375 376 377 377 378 378 379 380 381 383 385 388 391 393 395 396 397 400 402 403 404 404 404 405 405 406 407 408 408 408 408 408 409 408 408 407 406
378 379 379 379 379 380 380 380 380 380 381 381 381 381 381 380 380 380 379 379 379 378 378 378 377 376 376 376 377 378 377 376 376 374 371 369 368 368 367 366 366 368 368 368 369 372 373 375 374 374 374 373 373 372 371 372 373 374 376 377 378 378 378 379 380 381 384 386 389 391 394 395 397 398 400 401 401 402 403 404 405 406 406 407 408 407 407 407 407 407 406 405 404 403
377 378 378 378 379 379 379 379 379 380 380 380 380 380 380 379 379 379 379 378 378 377 377 376 376 375 375 376 376 377 377 375 374 374 371 368 368 367 366 365 365 365 365 369 369 371 373 373 373 373 373 372 371 371 372 372 373 375 377 378 378 378 380 381 382 383 385 386 389 391 394 395 396 398 399 400 401 402 402 403 404 405 406 407 406 406 405 405 405 404 404 403 401 400
377 377 377 378 378 378 378 378 379 379 379 379 379 379 379 378 378 378 378 378 377 376 376 375 376 375 375 375 375 376 376 374 373 372 370 369 367 366 365 365 364 365 365 369 369 370 371 372 371 371 371 372 372 372 373 374 374 376 377 378 378 379 381 382 383 385 386 388 390 392 394 395 396 398 399 400 401 401 401 402 403 404 404 405 404 403 403 403 403 402 401 401 399 397
376 376 377 377 377 378 377 377 378 378 378 378 378 378 378 378 377 377 377 376 376 376 375 374 374 373 374 375 375 375 374 374 374 372 370 368 367 366 365 364 364 364 365 366 368 370 371 371 371 370 371 372 373 373 374 374 375 376 377 379 380 381 382 383 385 386 388 390 392 394 395 396 397 398 399 399 400 400 400 401 401 402 403 404 403 402 401 401 400 400 399 398 397 395
375 375 376 376 376 376 377 377 377 377 377 377 377 377 377 377 376 376 375 375 375 375 374 373 372 372 372 373 373 373 373 372 372 370 369 368 367 365 364 364 363 363 365 366 368 369 370 371 370 371 372 372 373 374 374 375 376 377 378 379 381 382 384 385 386 388 390 392 393 394 395 395 396 398 398 398 399 399 399 399 400 401 402 402 401 400 399 398 398 398 397 396 395 393
374 375 375 376 376 375 375 376 376 376 376 376 376 376 375 375 375 375 374 374 374 373 373 372 372 371 371 370 371 371 371 369 368 368 367 366 365 364 363 363 363 363 364 366 367 367 368 370 371 372 372 373 374 374 375 376 377 378 379 380 382 383 385 386 388 390 391 392 394 395 394 395 396 397 398 398 398 398 398 399 399 400 401 400 399 399 398 397 396 395 395 393 393 391
373 374 374 374 374 374 374 375 375 375 375 375 375 375 375 374 374 374 373 373 373 372 372 371 370 369 369 370 370 369 368 368 367 366 365 365 364 363 362 363 363 363 363 364 366 367 367 369 371 372 373 374 374 375 376 377 377 379 380 381 383 384 386 388 389 390 392 393 394 394 394 395 396 397 398 397 397 397 397 398 398 399 400 399 398 397 396 395 394 393 393 392 390 389
372 372 373 373 373 373 373 373 374 374 375 374 374 374 375 373 373 373 372 372 372 371 370 370 369 368 368 368 369 368 366 365 364 363 363 363 362 361 361 362 362 362 363 364 365 366 367 368 370 371 372 374 375 375 376 377 378 379 380 382 384 385 387 388 390 391 392 394 394 394 394 395 396 397 397 397 397 396 396 397 397 398 398 397 396 395 394 394 393 392 391 390 389 386
371 371 371 372 372 371 372 372 373 374 374 374 373 373 373 373 372 372 371 371 371 369 369 369 368 367 367 366 365 364 364 363 362 361 361 361 360 359 359 360 361 362 363 365 366 367 367 368 370 371 372 373 375 376 377 378 379 380 381 382 384 386 388 389 390 392 393 394 394 393 394 395 395 396 397 397 396 396 396 396 396 397 396 395 395 394 393 392 391 390 389 388 386 384
370 370 370 370 370 370 370 371 372 372 373 374 374 373 373 372 371 370 370 370 369 368 368 368 367 366 365 364 363 361 360 360 360 359 359 359 359 358 358 359 361 363 364 365 366 367 368 369 370 371 372 373 375 376 377 379 379 380 381 382 385 386 388 389 391 393 394 393 393 393 394 394 395 395 395 396 396 396 395 395 395 396 395 394 393 392 391 390 389 388 387 386 385 385
368 368 369 369 369 370 370 370 371 372 372 372 372 370 370 370 369 368 368 368 367 367 367 366 365 364 364 363 360 358 358 357 357 357 357 356 357 356 357 358 360 362 364 365 366 367 368 369 370 371 372 374 375 376 377 378 379 380 382 383 385 386 386 388 391 393 393 393 393 393 393 394 394 394 394 394 394 394 394 394 394 394 393 392 391 390 389 388 387 386 385 384 385 386
367 367 367 367 368 369 369 370 370 370 372 373 370 367 367 367 366 366 365 365 365 363 364 363 362 361 361 359 357 355 355 354 354 354 355 354 355 355 356 358 359 361 363 365 366 367 367 368 370 371 372 373 374 375 376 377 378 380 382 383 384 385 386 387 389 390 390 392 391 392 392 392 392 393 393 393 393 393 393 393 393 392 391 390 389 388 387 386 385 384 383 382 385 387
366 366 366 366 367 367 368 368 369 369 370 370 366 365 364 364 363 362 362 362 360 359 359 360 359 358 357 355 353 352 352 351 351 350 351 352 353 354 355 357 358 360 362 365 365 365 366 368 369 370 371 372 373 374 375 377 378 380 382 381 383 385 385 386 388 388 388 390 391 391 391 391 391 391 391 391 392 392 390 390 390 390 389 389 388 387 386 385 384 383 383 385 387 389
364 364 364 365 365 367 367 366 366 367 367 366 363 362 362 361 360 359 358 357 356 355 355 355 355 354 353 351 350 349 349 348 348 347 347 348 349 352 354 355 358 359 361 362 363 364 366 367 369 370 371 372 372 374 375 378 378 379 380 381 382 383 385 385 386 386 386 389 389 389 389 388 389 389 390 390 390 391 390 386 387 388 387 387 386 385 385 384 383 383 384 387 389 392
364 364 364 363 364 366 366 365 363 363 361 361 360 359 359 358 357 356 355 352 352 351 350 350 349 349 349 347 347 346 346 345 345 344 343 343 347 350 352 354 356 358 360 361 363 364 365 367 369 369 370 370 371 373 374 375 376 378 379 379 380 381 382 382 383 383 385 386 387 387 386 386 386 387 387 388 388 389 388 384 384 385 384 383 383 384 383 382 383 384 386 388 391 394
363 364 363 360 360 364 363 362 359 358 358 356 356 355 355 355 354 354 352 348 348 347 346 345 345 345 345 344 342 342 342 342 341 341 341 341 344 347 350 353 355 357 359 361 362 364 364 366 367 368 369 369 369 371 373 373 374 376 377 377 378 379 379 380 381 381 382 383 384 385 383 383 383 384 384 385 385 385 385 382 381 382 382 381 380 380 380 382 383 386 388 389 393 396
362 361 361 358 358 357 359 357 356 355 354 352 352 351 351 351 349 347 345 344 343 342 342 342 342 341 341 340 339 337 337 337 337 338 336 339 342 345 348 351 353 355 357 359 361 362 362 365 364 366 367 367 367 368 371 371 372 373 375 375 376 377 377 378 378 379 379 380 381 383 380 380 380 381 381 381 381 381 380 379 379 379 380 379 379 379 380 382 384 386 389 391 394 398
361 357 354 355 354 353 353 350 352 351 348 349 347 347 346 346 344 342 340 339 339 339 339 338 338 338 337 337 335 334 332 332 331 332 334 337 340 343 346 349 351 354 356 358 359 360 362 363 362 363 365 364 365 367 369 369 369 371 373 373 374 375 375 375 375 376 377 378 378 379 377 377 377 378 378 378 378 378 377 377 377 377 378 379 379 380 382 384 386 388 391 393 395 399
357 353 352 352 350 349 347 344 344 344 344 344 342 341 341 341 339 337 336 335 335 335 335 335 334 334 334 333 332 330 331 333 335 335 335 335 337 340 343 346 349 351 354 356 357 358 358 359 361 360 362 362 363 365 366 368 367 369 370 370 371 371 371 372 371 372 373 374 374 375 375 375 375 375 375 376 376 375 375 375 375 375 375 378 380 381 382 385 387 390 392 395 397 399
349 348 349 347 346 344 342 340 338 338 339 337 337 336 336 336 334 331 331 332 331 331 331 331 329 329 329 329 331 333 336 337 339 338 337 337 338 340 340 344 347 349 351 353 354 353 353 354 357 358 359 359 360 360 363 365 366 365 366 367 367 367 368 368 367 368 370 368 371 372 374 373 373 373 373 373 374 373 373 374 374 374 375 377 379 381 382 385 387 390 392 394 396 397
345 345 344 343 341 340 338 336 334 332 334 333 332 331 331 331 327 328 328 328 327 327 327 327 326 326 329 332 335 338 339 343 343 343 344 340 339 338 337 343 344 346 348 350 351 350 349 349 353 352 353 354 358 359 359 361 361 362 363 364 364 363 364 366 366 365 366 364 365 364 374 373 371 371 371 371 371 372 372 373 373 373 375 377 379 380 382 384 387 389 391 393 394 396
342 341 339 338 337 335 333 332 330 328 328 328 327 327 326 324 325 326 325 325 325 324 324 323 327 331 333 335 340 345 346 348 349 347 346 344 343 342 342 342 343 345 345 347 348 348 347 346 351 349 350 350 351 353 355 358 359 358 360 360 359 355 363 365 365 363 365 367 364 365 374 373 371 370 370 370 370 370 371 372 373 373 375 377 379 380 382 384 386 388 390 392 393 395
337 336 335 333 332 330 329 327 325 323 325 324 324 322 321 318 322 324 323 322 322 321 323 327 330 334 337 340 346 350 349 353 352 352 351 348 346 344 342 342 342 343 342 344 345 346 348 349 351 351 353 354 354 355 356 357 358 356 356 352 355 359 362 365 364 367 367 368 365 367 370 374 373 372 372 372 372 372 371 371 372 373 375 377 379 380 381 383 385 387 389 390 392 394
334 331 329 328 325 323 323 322 320 319 321 320 318 316 315 312 317 320 320 319 321 324 328 331 334 338 341 347 352 355 356 357 354 354 353 351 348 345 342 342 342 342 343 344 344 346 350 352 354 355 356 358 357 357 357 357 357 356 356 356 361 364 365 367 371 369 368 368 367 370 373 374 374 372 374 374 373 373 373 373 372 373 375 377 379 380 381 383 384 386 388 389 391 393
330 327 324 322 319 317 317 316 314 313 314 313 312 311 311 309 309 313 318 322 325 329 332 335 338 342 347 351 356 359 362 362 358 357 355 353 350 347 345 345 345 345 345 346 346 349 351 354 358 359 360 361 360 360 360 360 360 360 360 360 362 365 367 369 369 371 370 369 369 370 375 374 375 376 376 375 375 376 376 375 375 374 375 377 379 380 381 382 383 385 386 388 389 391
326 323 319 316 314 312 312 310 308 306 306 306 306 306 306 307 310 315 321 326 330 333 337 340 343 347 351 355 359 362 366 367 362 360 357 355 352 350 349 349 349 349 349 348 348 350 353 355 358 360 362 363 363 363 362 363 364 364 364 363 364 366 369 371 372 373 372 371 374 375 376 378 377 377 377 377 378 378 378 378 378 377 377 377 379 380 380 381 383 384 385 387 388 390
321 318 314 310 308 307 306 304 302 301 300 300 303 305 308 311 314 318 324 329 334 338 341 345 348 351 354 358 361 365 368 369 369 363 361 357 355 353 353 353 353 353 353 352 351 353 354 356 358 360 363 364 364 365 365 366 367 367 368 367 367 368 371 372 374 374 372 373 376 377 377 378 379 379 379 380 380 380 381 381 380 379 379 379 380 379 380 381 383 383 385 386 387 389
317 313 309 306 303 302 300 297 295 296 297 299 302 306 310 314 319 323 328 335 339 343 346 349 352 355 358 361 365 370 370 370 369 367 364 361 359 357 357 358 357 357 356 355 354 355 357 358 358 360 363 366 365 367 368 369 370 370 371 371 371 371 372 374 374 373 372 374 377 380 381 381 381 381 382 381 381 382 383 385 383 382 381 381 380 378 381 380 382 383 385 386 386 388
312 308 304 301 297 295 292 292 292 294 299 301 305 309 314 319 323 327 332 339 343 347 350 354 357 359 362 365 368 372 372 371 370 369 367 364 362 361 361 362 362 361 360 358 357 358 360 360 359 360 363 366 367 369 371 372 373 373 374 374 374 373 375 375 376 376 375 378 381 383 382 383 383 383 383 382 382 384 386 387 386 385 382 382 382 381 382 382 382 383 385 386 386 388
307 303 300 296 293 291 290 292 294 297 301 305 311 315 319 322 326 331 336 341 346 350 353 356 359 362 365 368 370 370 370 371 370 369 369 368 365 365 365 366 365 364 363 362 360 361 363 363 362 361 363 366 368 370 373 376 376 376 376 376 375 374 377 377 378 378 378 379 382 382 382 383 384 384 384 383 384 386 388 390 390 387 383 382 383 383 380 380 383 382 384 385 387 388
302 298 294 291 288 286 292 294 298 301 305 309 314 319 322 325 330 334 338 343 348 353 355 359 362 365 367 370 370 371 371 372 371 370 369 368 367 367 368 369 368 367 366 365 364 363 364 365 365 365 366 366 369 372 375 377 378 378 378 377 377 377 377 378 379 380 379 379 380 381 381 383 385 385 385 385 387 388 390 392 394 388 385 383 384 384 381 379 381 382 383 384 385 386
297 293 290 288 286 288 294 298 302 305 308 313 317 321 324 328 333 338 342 345 349 354 358 361 364 367 369 371 371 372 372 373 372 371 370 369 368 369 369 370 370 369 368 367 365 365 365 366 367 367 367 368 371 374 376 378 379 379 379 379 379 379 379 378 379 379 377 378 379 380 380 382 386 386 386 387 389 391 392 393 395 390 387 386 385 385 382 380 381 382 382 383 383 385
