files/ascii_files/china_data/chinq_dem.asc
ncols         322
nrows         195
xllcorner     6154240.15
yllcorner     2016303.696253
cellsize      6
NODATA_value  -9999
[rows 42 to 83 of 195, columns 0 to 93 of 322]
274 275 277 277 278 279 280 281 284 286 289 292 291 292 293 292 294 295 296 297 298 300 302 304 306 308 311 313 314 315 317 318 319 321 322 322 323 325 326 327 328 329 329 330 332 333 334 335 336 337 338 338 339 339 340 340 340 340 341 341 341 342 342 342 341 341 340 338 336 335 333 331 330 329 327 325 323 320 317 313 311 310 308 307 308 310 311 311 309 309 306 303 301 298
271 273 273 274 275 276 278 279 281 283 286 287 287 290 293 292 293 296 295 295 297 299 301 302 304 307 309 311 312 314 315 317 317 319 320 321 322 323 324 325 326 327 328 329 330 331 332 333 334 335 336 337 337 338 339 339 339 339 340 340 340 339 338 338 338 337 335 334 332 331 329 328 327 325 323 321 320 319 316 311 308 305 303 303 303 305 306 305 304 303 301 298 295 293
270 270 271 272 273 275 275 277 278 281 283 285 285 287 290 291 293 294 294 293 295 297 299 301 303 304 306 308 310 312 313 314 315 317 318 319 320 321 323 324 324 325 326 327 328 329 330 331 332 333 334 335 336 337 337 337 337 338 339 337 337 336 336 335 335 334 332 330 330 328 326 324 323 321 320 319 318 317 314 309 305 302 300 299 299 300 301 299 298 298 299 295 292 288
268 268 270 270 271 272 274 275 276 277 280 281 283 284 285 288 290 291 290 291 293 294 297 299 300 302 304 306 309 310 310 312 313 314 315 317 318 319 320 322 322 323 324 325 326 327 328 329 329 330 331 333 334 335 335 336 336 337 338 335 334 334 333 333 332 330 328 327 326 325 323 321 319 318 317 316 315 313 309 306 302 299 298 296 294 294 295 293 290 290 287 287 289 284
264 266 267 267 269 270 272 273 275 275 277 278 280 281 284 284 286 287 288 289 291 293 294 296 298 300 302 304 306 308 308 310 311 313 313 316 316 317 318 319 320 321 322 322 324 325 326 326 328 328 329 331 332 333 334 334 335 335 334 333 332 331 330 329 328 326 325 324 324 323 319 318 316 315 314 314 313 310 305 301 297 295 295 291 290 289 289 287 284 281 279 280 283 283
262 263 264 265 266 268 269 271 273 274 274 276 277 279 280 282 283 285 286 288 289 291 292 294 296 297 299 301 303 305 306 307 309 311 312 313 315 315 315 316 317 318 320 320 321 322 323 325 326 326 327 328 329 330 332 332 332 331 331 331 330 329 328 327 325 324 322 322 322 318 316 315 313 313 310 308 311 303 302 300 294 291 292 287 286 285 285 282 279 276 277 279 278 278
259 260 262 263 264 265 267 268 270 272 273 274 275 277 279 283 282 282 284 286 287 289 290 292 293 296 297 299 301 303 304 305 306 308 310 311 312 312 313 314 315 316 317 318 318 320 321 322 324 324 324 325 326 328 329 330 329 329 328 328 327 326 325 324 322 321 319 318 316 314 312 311 309 310 304 304 305 298 294 294 291 289 285 282 284 283 282 280 276 274 275 277 279 280
256 258 260 260 262 263 265 266 268 269 271 272 273 275 278 282 281 280 282 283 285 286 288 290 291 293 295 296 298 300 302 303 304 305 306 307 309 310 311 312 312 313 313 315 316 317 318 319 320 321 321 322 323 325 326 327 326 325 325 324 324 323 322 321 320 318 316 314 312 311 308 306 306 304 301 299 296 293 290 287 284 280 278 277 276 276 277 277 276 274 276 279 281 283
254 255 257 258 260 261 263 264 265 267 269 270 271 273 277 280 280 278 280 281 282 284 286 287 289 290 293 294 296 297 299 300 301 302 303 304 306 307 309 309 310 310 311 312 313 314 315 316 317 318 318 319 320 321 322 322 322 322 321 321 320 320 319 318 316 315 312 310 309 307 304 302 301 299 296 295 292 288 285 281 278 276 273 271 271 273 275 276 277 278 280 282 285 287
251 253 254 256 257 259 260 262 263 265 266 267 269 271 277 279 278 276 278 279 280 282 283 285 287 288 289 292 294 294 296 297 298 300 301 301 303 304 306 306 306 307 308 310 310 311 312 313 314 315 316 316 317 318 318 319 318 318 318 318 317 316 315 314 312 310 308 307 305 303 301 299 297 295 291 291 287 284 280 276 273 271 269 266 270 275 279 280 281 283 285 286 290 293
249 250 252 253 255 256 258 259 261 262 264 265 267 268 272 275 277 275 275 277 278 280 281 283 285 286 287 289 291 292 294 295 296 297 297 298 299 301 302 303 304 304 305 307 307 307 309 310 311 312 312 313 314 314 315 315 314 314 314 314 313 312 311 309 308 306 304 303 301 299 298 298 296 292 289 287 283 279 275 272 268 266 264 268 272 277 281 284 285 286 289 291 294 299
246 248 249 251 252 254 256 257 259 260 262 263 265 267 268 270 273 273 273 274 275 277 279 281 282 283 285 286 288 290 291 293 293 294 295 296 296 298 299 300 301 301 302 303 304 305 306 306 307 308 309 310 310 310 311 311 310 310 310 310 309 308 307 305 304 302 300 298 297 295 296 296 294 290 286 282 278 274 271 267 264 264 268 271 274 279 283 286 289 290 293 296 300 304
244 245 247 249 250 252 253 255 257 258 260 262 264 268 267 267 268 271 271 273 273 275 276 278 280 281 282 284 286 287 288 291 291 292 292 292 293 294 295 296 297 298 299 300 300 301 302 303 303 305 305 306 306 306 307 307 307 307 306 306 305 304 303 301 299 298 296 295 293 291 291 291 291 282 281 277 273 270 266 262 261 267 271 274 276 281 285 288 292 294 297 300 305 310
241 243 245 247 249 250 251 253 255 256 257 262 264 266 267 267 267 267 269 270 271 272 274 275 278 278 279 281 282 284 285 287 290 290 289 289 290 291 292 293 294 294 296 296 297 298 298 299 300 301 301 302 302 302 303 303 304 303 302 302 301 300 298 297 295 294 292 290 289 287 286 284 284 277 274 271 268 264 261 261 264 271 273 275 279 283 287 290 294 297 302 308 309 314
238 241 242 244 246 247 249 250 252 254 256 259 260 267 267 267 267 267 267 267 269 270 272 273 274 276 277 278 279 280 282 284 286 285 287 286 287 288 289 289 290 291 292 293 293 294 295 296 297 297 298 298 299 299 300 300 299 299 299 298 297 296 294 293 292 291 289 287 285 284 281 278 275 273 270 267 263 260 257 260 264 272 274 277 281 285 289 293 297 301 306 309 313 316
237 239 240 242 244 245 247 248 250 251 254 256 258 267 267 267 267 266 265 265 266 268 270 271 272 273 274 275 276 277 279 280 281 282 283 283 284 286 286 287 287 288 289 290 290 291 292 293 294 294 295 295 296 296 296 295 295 295 295 294 292 291 290 289 288 286 285 284 282 279 277 274 271 269 266 264 262 259 258 264 269 273 278 281 284 288 292 296 300 303 310 312 315 320
235 236 238 239 241 243 244 246 247 249 251 254 257 260 264 263 262 263 264 263 264 266 267 269 269 270 271 272 273 274 275 277 278 279 280 280 281 283 283 284 284 285 286 286 287 288 288 289 290 290 291 292 292 292 291 291 291 291 290 289 288 287 286 285 283 283 281 280 277 275 273 270 267 264 265 264 262 259 261 265 269 276 282 285 288 291 295 299 303 308 313 315 319 323
233 235 236 237 239 240 242 243 245 247 248 251 255 258 259 260 261 262 262 261 261 263 265 267 267 268 268 269 270 271 272 273 275 276 277 277 278 280 281 281 281 281 283 283 284 284 285 286 287 287 288 288 287 287 287 287 287 285 285 284 283 282 281 280 279 278 276 275 274 271 269 266 262 260 262 264 262 261 265 268 271 276 282 287 291 295 298 300 306 311 316 317 320 324
230 232 234 235 236 238 240 241 243 245 246 247 251 255 254 255 257 259 260 258 259 260 262 265 264 266 267 266 267 267 268 270 271 273 274 274 275 276 277 277 278 279 280 280 280 281 282 282 284 284 284 284 283 283 283 283 282 281 280 279 279 278 277 276 275 274 273 271 270 267 264 261 259 258 259 261 262 265 268 271 275 280 285 290 294 297 301 305 309 313 316 319 323 325
229 230 231 233 234 236 237 239 241 242 243 244 247 248 250 250 253 256 256 256 256 257 259 262 262 264 263 263 264 265 266 267 268 269 270 271 272 273 274 274 275 276 276 277 277 277 279 280 281 281 281 280 280 280 279 278 278 277 276 275 274 273 272 271 270 269 268 267 265 262 259 258 256 256 259 261 264 266 270 274 278 283 287 291 296 300 304 307 310 314 319 322 325 328
226 227 229 231 232 233 235 237 238 240 241 242 244 246 246 247 250 253 254 254 254 255 256 260 258 259 259 260 261 262 263 264 265 266 267 268 269 270 271 272 273 273 273 274 274 275 276 276 277 277 278 277 276 275 275 275 274 273 272 271 270 269 268 267 267 266 264 263 261 259 256 254 253 254 258 263 267 271 273 276 280 285 289 293 297 302 306 310 313 317 321 325 327 330
224 226 227 229 230 231 232 234 236 237 238 239 241 242 243 245 248 250 252 251 251 252 253 254 255 256 257 257 259 259 260 261 262 263 264 265 266 267 268 269 270 270 270 271 272 272 272 272 273 273 274 273 272 272 271 271 270 269 268 267 266 265 264 264 263 262 260 258 257 254 252 251 248 253 260 264 268 271 273 277 282 287 291 295 301 305 308 312 316 319 323 326 329 332
222 223 225 226 228 229 230 231 233 234 236 237 238 239 241 243 245 246 247 248 248 249 250 251 253 254 254 255 256 257 258 259 260 260 261 263 264 265 265 266 267 267 268 268 269 269 269 269 270 270 270 269 269 269 268 267 266 265 264 263 262 262 261 259 258 257 255 254 252 249 247 248 249 254 263 267 269 272 274 278 283 289 293 298 302 307 310 313 317 319 323 327 330 333
220 221 223 224 226 227 228 229 230 232 233 234 235 237 239 241 243 244 244 245 246 247 248 249 250 251 252 253 254 255 256 257 257 259 261 263 262 262 263 264 265 265 265 265 266 266 266 266 267 266 266 266 266 265 264 264 263 261 260 259 258 258 258 256 254 252 252 250 248 247 246 249 252 256 264 269 271 273 275 280 286 291 295 299 304 307 311 314 318 322 325 328 331 335
218 219 221 222 223 224 226 227 228 230 232 232 233 235 237 239 240 240 241 243 243 244 245 247 248 249 250 251 252 253 253 254 255 257 260 260 261 261 261 261 263 263 263 262 263 263 263 263 263 263 263 263 262 261 261 260 258 257 256 255 254 252 256 254 251 249 249 248 248 247 247 250 253 258 266 270 271 274 278 283 288 293 297 301 305 308 312 316 320 323 326 329 333 336
216 217 219 220 221 222 223 225 226 229 230 230 231 232 233 234 236 237 238 240 241 242 243 244 246 246 248 249 249 250 251 252 253 257 258 256 256 258 257 259 260 260 260 260 260 260 260 260 260 260 259 259 258 258 257 256 254 253 253 252 250 248 247 248 246 244 248 248 248 247 249 252 256 260 267 270 272 276 280 285 290 295 299 302 306 310 313 317 321 324 328 332 335 338
214 215 216 218 219 220 222 222 224 226 227 228 228 230 231 232 233 234 235 237 238 240 241 242 244 245 246 246 247 248 249 250 251 251 253 253 254 254 255 256 256 257 257 257 257 257 257 257 257 257 256 256 255 254 253 253 251 250 248 247 246 246 245 242 240 238 244 249 248 249 252 254 258 262 267 271 275 279 283 287 292 296 300 303 307 311 315 319 323 326 330 334 337 340
212 213 215 216 217 218 219 220 221 222 224 224 226 227 228 229 230 232 233 234 236 237 238 240 241 242 243 244 245 246 247 248 249 249 250 250 251 252 252 253 254 254 254 254 255 255 255 254 254 253 253 253 251 250 250 250 249 244 243 243 242 241 241 238 234 236 241 247 248 251 254 257 261 265 270 274 277 282 285 289 295 299 302 305 309 313 316 320 324 328 332 336 339 342
210 211 213 213 215 216 217 218 219 221 222 223 223 224 225 227 228 229 231 233 234 235 236 237 239 240 240 242 243 243 244 245 246 246 247 248 249 249 250 250 251 251 251 252 252 252 252 251 250 250 250 250 248 246 246 245 243 240 240 240 239 239 238 241 238 239 243 247 250 253 257 260 265 269 274 278 280 283 287 293 298 300 304 307 311 314 318 322 325 329 334 337 340 344
208 209 210 212 213 214 215 216 217 218 220 220 221 222 223 224 226 227 228 229 231 232 234 235 236 237 238 239 240 241 242 243 243 244 245 246 246 247 247 248 248 249 249 249 249 249 249 248 248 247 246 247 246 241 240 239 238 236 235 235 236 237 241 244 243 243 246 249 252 255 259 262 266 271 275 280 282 286 289 295 300 302 305 309 313 316 322 325 326 330 334 338 341 344
206 207 208 210 211 212 213 214 215 216 217 218 220 220 221 222 224 225 226 227 228 230 231 232 233 235 236 236 237 238 240 240 241 243 242 243 244 245 245 245 246 246 246 246 246 246 246 245 245 245 244 243 239 234 232 233 233 232 232 235 238 241 243 246 247 248 249 251 253 256 259 263 267 271 275 280 284 288 293 297 301 304 307 311 315 319 324 326 328 331 335 338 342 345
204 206 207 208 209 210 211 212 213 214 215 216 217 218 220 221 221 223 224 225 226 227 228 230 231 232 233 234 235 236 237 238 239 239 240 241 242 242 242 243 244 245 244 244 243 243 244 243 243 244 243 242 232 228 227 228 228 230 232 235 239 242 243 246 247 248 249 251 254 257 261 264 268 272 277 281 286 290 295 299 302 305 309 313 317 321 325 327 329 333 336 340 343 346
203 204 205 206 207 208 209 210 211 212 213 214 215 217 218 219 220 221 222 223 224 225 226 228 229 230 231 232 233 234 235 235 236 237 238 239 239 239 240 241 241 242 242 241 241 241 242 241 240 239 240 230 226 228 228 229 233 233 234 236 239 242 243 245 246 247 248 250 255 258 262 265 269 274 279 282 287 291 295 300 303 307 311 314 318 322 326 328 331 334 338 341 345 349
201 202 203 204 205 206 207 208 209 210 211 213 214 215 216 217 218 219 220 221 222 223 224 226 227 228 229 230 231 232 233 233 234 235 236 236 237 237 237 238 238 239 238 238 238 238 235 234 233 233 229 224 226 230 232 234 235 236 235 238 240 241 243 244 245 247 251 250 255 258 262 265 271 276 281 284 288 292 296 301 305 308 312 316 319 322 328 329 332 336 339 343 347 350
200 201 202 203 204 205 206 207 208 209 210 211 212 213 214 215 216 217 218 219 221 221 223 224 225 226 227 228 229 230 231 232 233 233 234 234 235 235 235 236 236 236 236 235 234 233 231 228 226 225 224 222 226 230 232 235 236 237 237 239 240 241 242 243 244 250 252 252 255 259 263 267 272 278 282 286 290 294 298 303 306 309 313 317 321 324 328 331 334 337 341 345 349 351
199 200 201 202 203 204 205 206 206 207 208 209 210 211 212 213 214 216 217 217 219 220 221 222 223 224 225 226 227 228 229 230 231 231 232 232 233 233 233 234 234 234 234 232 229 228 226 224 221 220 221 224 228 231 233 234 236 238 238 239 239 240 241 243 244 250 252 255 257 261 265 269 274 279 283 288 292 297 300 304 307 311 314 318 322 326 330 332 336 340 344 348 350 353
197 199 200 201 201 202 204 204 205 206 207 208 209 210 211 212 213 214 215 216 217 218 219 220 221 222 223 224 225 226 227 228 228 229 230 230 231 231 231 232 232 232 231 228 225 223 221 221 221 222 225 227 231 232 233 234 236 238 238 239 239 240 242 243 246 251 254 256 260 263 268 273 276 281 285 291 295 298 302 305 308 312 316 320 324 326 330 335 340 343 346 350 352 353
196 198 198 199 200 201 202 203 204 205 206 207 208 209 209 211 212 213 214 215 216 217 217 219 220 221 222 222 224 225 225 226 226 227 228 228 228 229 229 229 230 231 228 226 223 221 218 221 225 227 230 230 231 232 233 234 236 238 239 239 239 241 242 244 248 252 255 259 262 266 269 274 279 284 288 293 296 300 303 307 311 314 318 321 325 329 332 336 340 344 347 351 352 354
195 196 197 198 199 200 201 202 203 204 205 206 207 208 208 209 210 211 212 213 214 215 216 217 218 219 220 221 222 222 223 224 225 225 226 226 226 227 227 227 227 230 229 226 224 221 225 224 227 229 230 231 231 232 233 234 236 238 240 240 242 243 245 247 251 255 258 261 264 268 272 275 283 287 291 294 298 301 306 309 312 316 320 323 327 332 335 337 340 343 347 350 352 354
195 195 196 197 198 199 200 201 202 203 204 204 206 207 207 208 209 210 211 212 213 214 215 215 217 218 219 219 220 221 221 222 223 223 224 224 224 224 224 224 224 226 226 226 224 225 225 227 228 229 230 231 232 233 234 235 236 238 240 241 244 244 246 250 253 257 260 265 269 272 275 280 285 289 293 296 299 303 308 311 314 318 321 325 328 332 336 338 341 344 347 350 352 354
194 195 196 196 197 198 199 200 201 201 202 203 204 205 206 207 207 208 210 211 212 213 213 214 215 216 217 218 218 219 220 220 221 221 221 221 222 222 221 220 219 219 223 222 224 225 226 227 228 229 230 231 232 233 234 235 236 238 240 243 246 246 249 253 257 260 264 269 272 275 277 282 287 290 294 298 301 305 309 313 317 320 323 326 330 333 337 339 342 345 348 350 352 353
194 195 195 196 196 197 198 199 200 201 202 203 203 204 205 206 207 207 208 210 210 211 212 213 214 215 215 216 217 218 218 218 218 219 219 218 219 218 218 217 215 217 218 223 224 225 226 227 228 229 230 231 232 233 234 235 236 238 242 245 248 249 252 256 261 265 269 273 274 278 280 285 288 293 297 300 304 307 310 315 318 322 325 328 331 335 337 340 342 345 347 350 351 353
