files/ascii_files/china_data/chinq_dem.asc
ncols         322
nrows         195
xllcorner     6154240.15
yllcorner     2016303.696253
cellsize      6
NODATA_value  -9999
[rows 126 to 167 of 195, columns 0 to 93 of 322]
183 183 184 184 185 187 187 188 188 189 189 189 189 189 189 190 190 190 190 192 195 197 198 200 200 200 201 202 203 204 205 206 207 207 207 207 206 207 208 209 210 209 211 213 216 218 220 223 225 228 228 228 231 233 236 238 240 241 241 243 246 249 252 255 255 255 257 259 260 260 260 262 262 262 263 263 263 264 264 264 265 265 264 264 266 267 268 269 271 274 278 281 285 286
182 182 182 183 183 185 187 187 188 188 189 189 189 189 189 190 190 190 190 190 193 195 197 199 199 200 201 202 203 204 205 206 207 208 208 208 208 208 209 210 212 213 215 216 218 221 223 226 228 231 233 233 236 239 242 244 246 246 245 246 250 253 256 259 260 260 261 263 264 264 264 265 267 268 268 269 269 269 269 269 269 269 268 268 269 270 271 272 274 278 282 286 290 292
181 181 181 181 182 182 184 186 187 188 189 186 189 189 189 189 190 190 190 190 191 194 197 198 199 199 200 201 203 204 205 205 207 207 207 208 209 210 211 213 215 217 218 218 221 224 226 228 231 235 237 238 240 243 247 250 252 253 254 253 254 257 260 262 263 265 266 267 267 268 268 267 270 273 274 274 274 274 272 272 273 273 272 272 273 274 274 275 277 282 286 291 295 297
181 180 180 180 180 181 180 180 186 187 187 184 187 189 190 190 190 190 190 190 190 192 196 198 198 199 200 201 202 203 204 205 205 206 207 208 209 211 213 216 218 220 221 222 225 228 230 233 237 240 242 243 244 246 251 254 257 259 259 261 261 263 264 266 265 268 270 271 271 270 271 272 274 276 277 277 275 276 276 276 276 276 277 279 281 282 283 284 283 286 291 295 300 302
180 180 179 179 179 179 177 180 182 186 185 187 188 189 190 190 190 190 190 190 190 190 194 197 198 199 200 201 202 202 203 204 204 205 206 208 209 213 217 218 220 221 223 225 229 232 234 237 240 244 246 248 249 251 253 258 262 263 264 266 267 267 268 269 272 273 275 276 276 277 277 277 277 278 279 279 279 279 280 280 281 282 282 284 289 292 293 293 291 291 296 300 303 306
180 179 179 178 178 176 176 175 181 182 186 188 189 189 190 190 190 190 190 190 191 190 192 197 197 199 200 200 201 202 202 202 203 205 206 207 209 212 217 221 221 222 224 227 230 234 237 240 244 247 250 252 254 256 257 261 263 266 268 270 271 271 272 273 276 278 279 281 282 283 283 283 283 283 283 283 283 284 285 286 286 287 289 290 291 298 303 302 300 298 300 303 307 311
179 178 177 176 175 173 174 174 174 178 187 188 189 189 190 190 190 190 190 190 190 191 190 193 196 197 198 200 201 201 201 202 203 205 206 208 210 213 216 219 221 222 226 228 232 237 240 243 246 250 254 256 258 260 263 264 267 270 271 273 274 275 276 277 280 282 283 284 285 287 288 288 288 289 290 288 289 290 291 291 292 293 295 296 297 298 309 310 308 307 305 307 311 315
177 176 175 174 173 172 173 174 175 181 187 187 189 189 190 190 190 190 190 190 191 191 191 191 194 195 197 199 200 201 201 201 203 205 207 209 211 214 216 219 221 224 228 230 233 238 242 244 248 252 256 259 261 263 266 267 269 271 272 275 277 278 280 281 283 285 287 288 289 290 291 292 294 294 295 295 295 296 296 297 298 299 301 302 303 305 312 317 317 315 314 312 315 318
176 175 174 173 170 172 174 175 177 180 186 187 188 189 190 190 190 190 190 190 191 191 191 191 192 194 196 198 200 201 201 202 204 206 208 210 213 217 220 220 224 227 230 232 235 239 243 246 249 253 257 261 263 264 266 268 270 272 274 276 278 280 282 284 285 287 290 291 293 294 295 296 298 299 299 300 300 301 302 303 303 305 307 308 310 314 319 325 324 324 323 321 320 322
176 175 173 171 170 171 175 178 181 182 186 187 188 189 189 190 190 190 190 190 191 191 191 191 190 193 195 197 199 200 201 203 205 206 209 212 216 219 222 224 226 229 231 234 237 240 244 247 250 253 257 261 263 265 267 270 271 273 275 277 279 282 284 286 287 289 292 295 296 297 299 301 303 303 303 304 305 306 307 308 309 311 313 315 318 322 327 328 330 330 329 329 328 326
178 174 170 170 172 174 177 180 183 184 186 187 187 188 189 190 190 191 191 190 190 191 191 191 191 191 194 197 198 200 201 203 205 207 209 212 217 221 223 226 228 230 233 235 238 242 246 248 251 255 258 262 264 266 270 271 273 274 277 279 281 284 286 289 290 291 294 297 299 300 302 304 306 306 306 307 309 311 312 314 315 317 320 323 326 328 329 329 331 333 335 335 334 332
177 173 169 171 174 178 180 182 183 184 186 186 187 188 188 189 190 191 191 190 190 191 191 191 191 192 193 196 198 199 201 203 205 207 209 212 217 221 222 225 228 230 233 236 240 244 246 249 253 257 261 264 265 267 269 271 273 276 278 280 283 286 288 291 293 293 297 300 302 303 305 306 308 308 308 309 311 312 315 318 319 320 323 325 328 330 330 330 331 333 335 337 339 337
175 171 170 171 176 181 182 183 183 184 185 186 187 188 189 189 191 191 191 190 190 191 191 191 191 191 191 195 197 199 202 204 205 207 209 212 216 220 223 225 228 231 234 237 240 244 248 250 254 258 261 264 265 268 270 272 274 277 279 281 284 287 290 293 295 296 299 301 303 305 307 309 310 311 310 313 314 317 319 322 322 323 325 327 329 332 332 332 333 335 337 339 341 343
173 169 168 168 174 178 182 183 183 184 185 186 187 188 189 189 190 190 191 191 190 190 191 191 191 191 191 192 196 199 202 205 206 208 210 213 216 220 223 225 228 232 234 237 241 245 248 250 254 258 260 263 265 268 271 273 275 279 280 282 285 288 291 293 295 297 300 302 305 307 309 311 312 313 313 315 317 320 322 323 325 327 328 328 330 332 334 335 336 338 340 342 344 345
170 167 166 170 174 177 181 183 183 184 185 186 186 187 188 189 189 189 190 191 190 191 190 191 191 191 191 191 194 198 201 204 206 208 210 213 216 220 222 225 229 232 235 238 241 244 248 251 254 257 260 263 265 268 271 273 276 280 281 284 287 290 292 294 296 298 301 304 306 308 310 312 314 314 315 317 319 321 324 325 327 329 330 332 333 334 336 338 340 342 344 345 346 347
168 166 169 173 177 180 181 182 183 184 185 186 186 187 188 188 189 189 189 191 190 190 191 191 191 191 191 191 192 197 199 203 206 208 210 213 216 219 222 226 230 233 235 238 241 244 248 251 254 257 261 264 267 269 272 274 276 280 282 285 288 290 292 295 297 299 302 305 307 309 311 312 315 316 316 318 320 321 324 326 328 330 332 334 334 336 338 340 343 344 345 346 348 349
167 168 171 174 178 181 181 182 182 183 184 185 186 187 187 187 188 188 189 189 190 190 190 191 191 191 191 191 191 193 197 201 204 208 210 213 216 219 222 226 229 233 235 238 241 244 248 251 253 257 261 265 268 270 272 275 277 280 283 286 288 291 293 296 298 299 303 305 308 310 311 312 316 317 318 320 321 323 325 328 330 332 334 336 337 339 341 343 344 345 346 347 349 350
167 170 173 176 179 181 181 181 182 183 184 184 185 185 186 187 188 188 188 188 189 190 190 191 190 191 191 191 191 191 194 198 202 207 210 213 216 218 222 226 229 232 235 237 240 244 247 250 253 257 260 264 267 270 273 275 277 280 283 286 288 291 294 296 298 301 303 307 309 310 312 313 316 317 319 321 322 324 326 329 331 333 336 337 338 340 343 344 345 346 347 348 350 351
170 173 175 177 179 180 181 181 182 182 183 184 184 185 185 186 187 187 187 188 188 189 190 190 190 191 191 191 191 191 192 196 201 206 209 212 215 218 222 225 228 232 234 237 240 243 247 250 253 256 260 264 267 270 272 275 278 280 282 285 288 291 294 296 299 301 303 306 309 310 312 314 316 318 319 321 323 326 328 330 332 335 336 337 339 341 343 345 346 347 348 349 350 352
171 175 176 177 179 180 181 181 181 182 183 183 184 184 185 185 186 186 186 187 187 188 189 190 190 190 190 191 191 191 191 194 200 205 209 212 215 218 221 224 227 231 234 237 240 243 247 249 252 256 259 263 267 269 273 276 278 280 283 286 289 291 294 297 299 301 304 306 308 310 313 315 316 318 319 321 323 326 329 332 334 336 336 338 340 341 344 345 346 348 349 350 351 353
171 176 176 177 178 178 180 180 181 181 182 182 183 184 184 185 185 186 186 186 187 187 188 189 190 190 190 191 191 191 191 192 198 203 208 211 214 217 220 223 227 231 233 236 239 243 246 249 252 256 259 262 266 269 272 276 278 280 284 286 288 291 294 297 299 302 304 307 309 310 313 315 316 318 320 322 324 327 331 334 334 335 337 339 340 342 344 346 346 348 349 351 353 354
173 175 176 177 177 178 178 179 180 180 181 182 182 183 184 184 185 185 185 186 186 186 187 187 189 190 190 190 191 191 191 191 195 200 206 210 213 216 219 223 226 229 232 235 238 242 246 249 252 255 258 262 265 269 272 275 277 280 284 287 289 291 294 297 299 302 304 307 308 309 312 314 316 319 321 322 325 327 331 332 334 335 337 339 341 343 344 344 346 349 352 353 354 355
173 175 175 176 176 177 178 178 179 179 180 181 182 183 183 183 184 184 185 185 185 185 186 186 187 189 190 190 191 191 191 191 193 197 204 209 212 216 219 222 225 228 231 234 237 241 245 248 251 255 258 261 265 268 271 275 278 281 284 287 289 291 294 296 299 302 304 306 308 309 312 315 317 319 321 323 325 328 330 331 333 335 338 340 341 342 344 345 347 350 353 354 355 356
174 174 175 175 176 176 177 177 178 179 180 180 181 181 182 182 183 183 184 185 185 185 185 185 187 189 190 190 190 191 191 191 191 194 201 207 210 215 218 221 224 227 230 234 236 240 244 247 251 254 257 260 264 267 270 274 278 281 283 286 289 291 294 296 299 302 304 306 308 310 312 315 317 318 321 324 326 327 330 331 334 335 337 339 341 342 344 345 348 350 353 354 356 356
173 174 174 175 175 176 176 177 177 178 179 180 180 180 181 182 182 182 183 183 184 184 184 184 185 190 190 190 190 190 191 191 191 192 197 202 207 213 216 220 223 226 230 233 235 239 242 246 250 253 257 260 263 266 270 273 277 280 283 286 288 290 293 296 299 301 304 307 308 310 312 314 316 318 321 324 325 328 330 332 334 335 337 339 341 343 344 346 348 350 352 355 356 356
173 173 174 175 175 175 176 176 177 177 178 179 179 180 180 181 181 181 182 182 183 183 183 184 184 186 188 189 190 190 191 191 191 191 193 199 204 210 215 218 221 224 228 231 234 238 241 245 249 252 255 259 262 265 269 272 276 279 281 285 287 289 292 296 299 301 303 306 308 309 311 313 316 318 321 323 325 327 329 331 333 336 338 340 341 343 345 346 348 350 352 354 356 357
172 172 173 174 175 176 175 175 176 177 178 178 179 179 179 180 180 181 181 181 183 183 183 183 183 185 187 189 190 190 190 191 191 191 191 196 201 207 211 217 220 223 226 230 234 237 240 244 248 251 254 257 261 264 268 271 275 277 280 284 286 289 292 295 297 300 302 305 307 309 311 313 315 318 320 323 326 327 329 331 333 336 339 341 342 344 345 346 348 350 352 354 356 357
171 172 172 173 174 174 175 175 175 176 177 178 179 179 179 179 180 180 180 181 182 182 182 182 182 183 185 188 189 190 190 191 191 191 190 193 199 204 210 215 218 222 225 228 232 236 239 243 246 250 253 256 259 264 267 270 273 277 280 283 286 288 291 294 296 299 302 304 307 308 311 312 315 317 320 322 325 326 328 331 334 336 339 341 342 344 345 347 348 350 352 354 356 357
172 171 171 172 173 173 174 174 175 175 176 177 178 179 179 179 179 179 179 180 181 181 181 181 181 182 184 187 188 190 190 190 191 191 191 191 196 202 207 212 217 220 223 226 230 234 238 242 246 249 252 256 258 262 266 269 272 276 279 282 285 288 291 293 296 299 301 303 305 308 310 312 314 317 319 322 325 325 327 330 333 336 338 341 342 343 345 347 349 351 352 354 355 356
172 171 171 172 172 172 173 174 174 175 175 175 177 178 178 179 179 178 178 179 180 180 180 180 180 181 182 185 187 190 190 190 190 190 191 191 193 199 204 209 215 219 222 225 229 233 236 240 244 248 251 254 257 261 265 268 271 275 278 281 285 288 290 293 295 297 300 302 305 307 309 311 313 316 318 321 324 326 327 329 332 335 339 340 341 343 346 349 351 352 353 354 355 356
172 172 170 171 171 172 172 173 174 174 174 175 177 177 178 178 178 178 177 179 178 179 178 179 179 180 181 183 185 187 189 190 190 190 190 190 190 196 201 208 214 218 221 223 229 231 235 239 243 247 250 253 256 259 264 267 270 273 276 280 283 286 289 292 294 296 299 301 303 306 308 310 312 315 317 320 323 324 326 328 331 333 335 338 340 342 345 348 351 352 352 353 355 356
169 170 170 170 170 171 172 172 173 173 174 174 176 177 177 177 177 177 177 177 177 177 178 178 178 179 180 181 183 187 189 190 190 190 190 190 190 193 200 207 213 216 219 221 226 229 233 237 242 245 249 251 254 258 262 266 269 272 275 278 282 285 288 291 293 295 297 300 302 305 308 310 312 314 316 319 321 323 325 328 331 332 334 337 339 341 343 346 348 350 351 352 354 356
167 168 169 170 170 171 171 172 172 173 173 174 174 176 176 176 176 176 176 176 177 177 177 177 178 178 179 180 181 188 188 189 190 190 190 190 190 191 197 205 211 214 218 221 224 228 232 236 240 243 247 249 253 256 260 265 267 271 274 277 280 283 286 289 292 294 296 299 301 304 307 308 311 312 315 318 320 322 324 326 329 331 333 335 338 340 342 344 346 348 350 352 354 356
166 166 168 169 169 170 171 171 171 172 172 173 173 174 175 175 175 176 176 177 177 177 176 177 177 178 178 179 180 183 187 189 190 190 190 190 190 191 194 201 207 212 216 219 222 226 231 234 238 241 244 247 251 255 258 262 265 268 271 275 278 281 284 286 290 292 294 297 300 302 305 307 309 312 314 316 318 321 323 325 328 330 332 334 337 339 341 343 345 347 349 351 353 355
165 166 167 168 169 169 170 170 171 171 172 173 174 174 174 175 176 176 177 177 177 176 176 177 177 177 177 178 179 182 185 189 189 189 190 190 190 190 191 197 203 209 215 218 221 225 229 233 236 239 243 246 250 253 257 260 264 267 269 272 276 279 281 284 287 291 293 296 299 301 303 305 308 310 313 315 317 319 322 324 327 329 332 334 336 338 340 342 344 346 348 350 352 354
165 166 166 167 168 169 169 169 170 171 173 173 173 174 174 174 175 176 177 178 177 176 176 176 176 177 176 177 179 182 184 187 189 189 190 190 190 190 190 194 200 206 212 217 220 224 228 231 234 237 240 244 248 251 254 258 261 265 267 270 273 276 279 283 286 288 291 294 297 299 301 304 306 309 311 313 316 318 320 323 326 329 331 333 335 337 339 341 343 345 347 349 351 353
166 166 166 166 167 168 168 169 170 171 172 173 173 174 174 174 174 175 175 177 177 176 176 176 175 175 176 177 178 181 185 188 190 189 190 190 189 190 190 192 197 203 209 214 219 222 226 230 233 236 239 242 245 249 252 256 260 264 265 265 271 274 277 281 284 286 289 292 295 298 301 303 305 307 309 312 314 316 319 322 324 328 330 332 334 336 338 340 342 344 346 348 350 352
165 166 166 166 167 168 168 169 170 171 172 173 173 173 173 174 174 175 175 175 175 176 175 174 174 174 175 176 177 180 184 188 189 189 189 189 190 190 190 190 194 201 205 211 217 221 224 227 231 234 237 241 243 247 250 254 258 262 263 265 268 271 274 278 281 284 288 291 294 297 300 301 303 306 308 310 313 315 318 321 323 325 328 330 333 335 337 339 341 343 345 347 350 352
165 165 166 166 166 167 168 168 170 171 172 173 173 173 173 174 173 174 174 174 174 175 174 174 174 174 175 175 176 178 181 185 188 188 189 189 189 189 190 189 191 197 202 209 215 220 223 226 229 232 236 239 242 246 248 252 255 259 261 264 266 270 272 275 279 283 285 289 292 296 299 301 304 304 307 309 311 314 316 319 321 324 326 329 331 334 336 338 340 342 344 346 349 351
165 165 165 166 166 166 167 168 170 171 173 172 172 172 173 173 172 173 173 174 173 174 174 173 174 174 175 175 176 177 180 184 186 189 189 189 190 189 190 190 190 194 201 207 212 217 221 224 228 231 234 237 240 244 247 249 252 255 257 260 264 267 269 272 277 280 283 287 290 294 297 300 303 303 306 308 310 313 315 317 320 322 325 328 330 332 334 336 339 341 343 345 347 350
165 165 165 165 166 166 166 168 170 172 172 172 172 172 172 172 172 173 173 173 173 173 173 173 173 174 175 176 176 177 178 182 186 189 189 189 189 190 190 190 190 192 198 204 212 216 220 223 227 229 232 235 238 243 245 248 250 252 255 257 261 264 267 270 274 278 281 285 288 292 295 298 300 302 304 307 309 312 314 316 319 321 324 327 330 330 333 335 338 340 342 344 347 349
164 164 165 165 166 166 166 166 168 170 171 171 171 171 172 171 172 171 173 173 173 172 172 172 172 173 174 175 176 177 178 179 183 189 189 189 189 189 190 190 190 191 196 202 210 215 219 222 225 226 229 233 236 242 243 245 246 249 251 254 257 261 265 268 272 276 280 283 286 290 293 296 298 301 303 306 308 310 313 315 318 320 322 323 326 329 331 334 336 339 341 343 346 348
