files/ascii_files/china_data/china_dem_small.asc
ncols 120
nrows 120
xllcorner 6154846.15
yllcorner 2016531.70
cellsize 6
NODATA_value -1
[rows 34 to 67 of 120, columns 0 to 76 of 120]
362.0 364.0 365.0 368.0 369.0 371.0 373.0 374.0 375.0 374.0 373.0 374.0 374.0 375.0 376.0 377.0 378.0 379.0 380.0 380.0 380.0 380.0 381.0 382.0 383.0 384.0 385.0 387.0 389.0 391.0 392.0 396.0 397.0 397.0 398.0 400.0 403.0 404.0 405.0 406.0 406.0 407.0 408.0 411.0 412.0 412.0 412.0 412.0 413.0 414.0 415.0 416.0 417.0 417.0 418.0 419.0 419.0 420.0 420.0 420.0 420.0 420.0 421.0 421.0 421.0 421.0 421.0 422.0 422.0 422.0 423.0 423.0 423.0 423.0 423.0 423.0 423.0
362.0 364.0 366.0 368.0 369.0 370.0 370.0 371.0 376.0 376.0 375.0 375.0 375.0 376.0 377.0 378.0 379.0 380.0 381.0 382.0 382.0 382.0 383.0 384.0 385.0 386.0 386.0 388.0 390.0 392.0 393.0 395.0 396.0 397.0 398.0 400.0 402.0 403.0 404.0 405.0 406.0 407.0 408.0 410.0 411.0 411.0 411.0 412.0 413.0 414.0 415.0 416.0 416.0 417.0 418.0 419.0 419.0 419.0 420.0 420.0 420.0 421.0 421.0 421.0 421.0 421.0 421.0 422.0 422.0 423.0 423.0 423.0 423.0 423.0 423.0 423.0 423.0
363.0 364.0 366.0 369.0 370.0 370.0 371.0 372.0 375.0 377.0 377.0 376.0 377.0 378.0 379.0 380.0 380.0 381.0 382.0 383.0 384.0 384.0 385.0 386.0 387.0 388.0 389.0 390.0 392.0 393.0 394.0 395.0 396.0 397.0 398.0 400.0 401.0 402.0 403.0 404.0 405.0 406.0 407.0 409.0 410.0 411.0 412.0 412.0 413.0 414.0 415.0 416.0 416.0 417.0 418.0 418.0 419.0 419.0 419.0 420.0 420.0 421.0 421.0 422.0 422.0 422.0 422.0 422.0 422.0 423.0 424.0 424.0 424.0 424.0 424.0 424.0 424.0
364.0 365.0 367.0 369.0 370.0 371.0 371.0 372.0 375.0 376.0 377.0 377.0 378.0 378.0 379.0 380.0 381.0 381.0 383.0 383.0 384.0 385.0 386.0 386.0 387.0 388.0 389.0 390.0 391.0 392.0 394.0 395.0 396.0 397.0 398.0 399.0 400.0 401.0 402.0 404.0 405.0 405.0 407.0 408.0 409.0 410.0 411.0 411.0 412.0 413.0 415.0 415.0 416.0 417.0 418.0 418.0 419.0 419.0 419.0 420.0 420.0 421.0 421.0 422.0 422.0 422.0 422.0 423.0 423.0 423.0 424.0 424.0 424.0 424.0 424.0 425.0 425.0
365.0 366.0 367.0 369.0 370.0 370.0 371.0 372.0 374.0 376.0 377.0 377.0 378.0 378.0 379.0 380.0 381.0 382.0 383.0 384.0 385.0 385.0 386.0 387.0 388.0 388.0 389.0 390.0 391.0 392.0 393.0 395.0 396.0 397.0 398.0 399.0 400.0 401.0 402.0 403.0 404.0 406.0 407.0 409.0 409.0 410.0 410.0 411.0 412.0 413.0 414.0 415.0 416.0 417.0 417.0 418.0 418.0 419.0 419.0 420.0 420.0 421.0 422.0 422.0 422.0 422.0 423.0 423.0 424.0 424.0 424.0 425.0 425.0 425.0 425.0 425.0 425.0
366.0 366.0 366.0 368.0 369.0 370.0 371.0 372.0 374.0 375.0 376.0 377.0 378.0 378.0 379.0 380.0 381.0 382.0 383.0 384.0 385.0 386.0 386.0 387.0 388.0 388.0 389.0 390.0 391.0 392.0 393.0 394.0 396.0 397.0 398.0 398.0 400.0 400.0 401.0 402.0 404.0 406.0 408.0 409.0 409.0 409.0 410.0 410.0 411.0 412.0 413.0 414.0 415.0 416.0 417.0 418.0 418.0 419.0 419.0 420.0 420.0 421.0 422.0 422.0 422.0 423.0 423.0 424.0 424.0 424.0 425.0 425.0 425.0 426.0 426.0 426.0 426.0
366.0 366.0 366.0 367.0 369.0 370.0 371.0 372.0 374.0 375.0 377.0 377.0 378.0 378.0 379.0 380.0 381.0 383.0 383.0 384.0 385.0 386.0 387.0 387.0 388.0 388.0 389.0 390.0 391.0 392.0 393.0 394.0 395.0 397.0 398.0 398.0 399.0 400.0 401.0 403.0 404.0 405.0 407.0 408.0 408.0 408.0 409.0 410.0 411.0 412.0 413.0 414.0 415.0 416.0 417.0 417.0 418.0 419.0 419.0 420.0 421.0 421.0 421.0 422.0 422.0 423.0 423.0 424.0 424.0 425.0 425.0 425.0 426.0 426.0 426.0 426.0 427.0
366.0 366.0 366.0 367.0 368.0 370.0 370.0 371.0 373.0 375.0 377.0 377.0 378.0 378.0 379.0 380.0 381.0 382.0 383.0 384.0 385.0 386.0 387.0 387.0 388.0 389.0 389.0 390.0 391.0 392.0 393.0 394.0 394.0 395.0 397.0 398.0 399.0 400.0 401.0 403.0 403.0 404.0 405.0 406.0 407.0 408.0 409.0 410.0 411.0 412.0 413.0 414.0 415.0 415.0 417.0 417.0 418.0 419.0 420.0 420.0 421.0 421.0 421.0 422.0 423.0 423.0 424.0 424.0 425.0 425.0 425.0 426.0 426.0 426.0 427.0 427.0 428.0
366.0 366.0 365.0 366.0 367.0 369.0 370.0 371.0 373.0 374.0 376.0 377.0 377.0 378.0 379.0 380.0 381.0 382.0 383.0 384.0 385.0 386.0 387.0 387.0 388.0 389.0 389.0 390.0 390.0 391.0 392.0 393.0 394.0 395.0 396.0 398.0 398.0 399.0 400.0 402.0 402.0 403.0 404.0 405.0 406.0 407.0 408.0 410.0 411.0 412.0 413.0 414.0 415.0 415.0 417.0 417.0 418.0 419.0 420.0 420.0 421.0 421.0 422.0 422.0 423.0 423.0 424.0 424.0 425.0 425.0 426.0 426.0 426.0 427.0 427.0 428.0 428.0
365.0 365.0 365.0 366.0 367.0 368.0 369.0 370.0 372.0 373.0 376.0 376.0 377.0 378.0 379.0 380.0 381.0 382.0 383.0 384.0 385.0 386.0 386.0 387.0 388.0 388.0 389.0 389.0 390.0 390.0 391.0 393.0 393.0 394.0 395.0 396.0 397.0 398.0 400.0 401.0 401.0 403.0 404.0 405.0 406.0 407.0 408.0 409.0 410.0 411.0 413.0 413.0 415.0 415.0 416.0 417.0 418.0 418.0 419.0 420.0 420.0 421.0 422.0 422.0 423.0 423.0 424.0 424.0 425.0 425.0 426.0 426.0 427.0 427.0 428.0 428.0 428.0
364.0 365.0 366.0 367.0 367.0 368.0 369.0 370.0 371.0 373.0 375.0 377.0 377.0 378.0 380.0 381.0 382.0 383.0 384.0 384.0 385.0 385.0 386.0 387.0 387.0 388.0 388.0 389.0 390.0 390.0 391.0 392.0 392.0 393.0 394.0 395.0 397.0 398.0 399.0 400.0 401.0 402.0 403.0 405.0 406.0 406.0 407.0 409.0 410.0 411.0 412.0 413.0 414.0 415.0 416.0 417.0 417.0 418.0 419.0 419.0 420.0 421.0 422.0 422.0 423.0 423.0 424.0 424.0 425.0 425.0 426.0 426.0 427.0 427.0 428.0 428.0 428.0
364.0 365.0 366.0 367.0 367.0 368.0 369.0 369.0 371.0 373.0 375.0 377.0 377.0 378.0 380.0 381.0 382.0 383.0 384.0 384.0 384.0 385.0 386.0 387.0 387.0 388.0 389.0 389.0 390.0 390.0 391.0 392.0 392.0 393.0 394.0 395.0 396.0 397.0 398.0 399.0 400.0 402.0 403.0 404.0 405.0 406.0 407.0 408.0 409.0 410.0 411.0 412.0 414.0 414.0 415.0 416.0 417.0 418.0 418.0 419.0 420.0 421.0 422.0 422.0 423.0 423.0 424.0 424.0 425.0 425.0 426.0 426.0 426.0 427.0 428.0 428.0 428.0
364.0 365.0 366.0 367.0 367.0 368.0 368.0 369.0 371.0 373.0 375.0 377.0 376.0 377.0 379.0 380.0 382.0 383.0 384.0 384.0 385.0 385.0 386.0 387.0 388.0 388.0 389.0 390.0 390.0 391.0 391.0 392.0 392.0 393.0 394.0 395.0 396.0 397.0 398.0 399.0 400.0 402.0 403.0 403.0 404.0 405.0 406.0 407.0 408.0 410.0 411.0 412.0 413.0 414.0 415.0 416.0 416.0 417.0 418.0 418.0 419.0 420.0 421.0 422.0 423.0 423.0 424.0 424.0 425.0 425.0 426.0 425.0 426.0 427.0 428.0 428.0 429.0
363.0 364.0 365.0 366.0 367.0 367.0 368.0 369.0 371.0 372.0 374.0 376.0 376.0 377.0 379.0 380.0 382.0 383.0 384.0 384.0 384.0 385.0 386.0 387.0 387.0 388.0 388.0 389.0 390.0 391.0 391.0 392.0 392.0 393.0 393.0 395.0 395.0 396.0 398.0 399.0 400.0 401.0 402.0 403.0 404.0 405.0 406.0 407.0 408.0 409.0 410.0 411.0 413.0 414.0 414.0 415.0 416.0 417.0 417.0 418.0 419.0 420.0 421.0 422.0 423.0 423.0 424.0 424.0 425.0 425.0 425.0 425.0 426.0 427.0 427.0 428.0 429.0
362.0 363.0 364.0 365.0 366.0 367.0 367.0 369.0 370.0 372.0 374.0 375.0 377.0 377.0 379.0 381.0 382.0 384.0 384.0 384.0 384.0 385.0 386.0 387.0 387.0 387.0 389.0 389.0 390.0 390.0 391.0 391.0 392.0 392.0 393.0 394.0 395.0 396.0 397.0 398.0 399.0 400.0 401.0 402.0 403.0 404.0 405.0 406.0 407.0 408.0 410.0 411.0 412.0 414.0 414.0 415.0 416.0 416.0 417.0 418.0 419.0 420.0 421.0 422.0 423.0 423.0 423.0 424.0 424.0 425.0 425.0 425.0 426.0 427.0 427.0 428.0 429.0
362.0 363.0 364.0 364.0 365.0 366.0 367.0 368.0 370.0 372.0 373.0 375.0 376.0 377.0 378.0 380.0 382.0 384.0 383.0 384.0 384.0 385.0 386.0 386.0 387.0 387.0 389.0 389.0 389.0 390.0 390.0 391.0 392.0 392.0 393.0 394.0 395.0 396.0 396.0 397.0 398.0 400.0 401.0 401.0 402.0 403.0 404.0 405.0 406.0 408.0 409.0 410.0 411.0 413.0 414.0 414.0 415.0 416.0 417.0 418.0 419.0 420.0 421.0 422.0 422.0 423.0 423.0 424.0 424.0 425.0 425.0 425.0 426.0 426.0 427.0 428.0 429.0
361.0 362.0 363.0 364.0 365.0 365.0 367.0 368.0 369.0 371.0 372.0 374.0 376.0 377.0 378.0 379.0 381.0 383.0 383.0 384.0 384.0 385.0 386.0 386.0 387.0 388.0 388.0 388.0 389.0 389.0 390.0 390.0 391.0 392.0 393.0 393.0 394.0 395.0 396.0 397.0 398.0 399.0 400.0 401.0 402.0 402.0 403.0 404.0 406.0 407.0 408.0 409.0 411.0 412.0 414.0 414.0 415.0 415.0 416.0 417.0 418.0 419.0 420.0 422.0 422.0 423.0 423.0 423.0 424.0 425.0 425.0 425.0 426.0 426.0 427.0 428.0 429.0
360.0 361.0 362.0 363.0 364.0 365.0 366.0 367.0 368.0 370.0 372.0 373.0 375.0 377.0 378.0 379.0 380.0 382.0 383.0 383.0 384.0 384.0 385.0 386.0 386.0 387.0 387.0 388.0 388.0 389.0 389.0 390.0 391.0 391.0 392.0 393.0 393.0 394.0 395.0 396.0 397.0 398.0 399.0 400.0 401.0 402.0 402.0 404.0 405.0 406.0 408.0 409.0 410.0 412.0 413.0 414.0 415.0 415.0 416.0 417.0 418.0 419.0 420.0 421.0 422.0 422.0 422.0 423.0 423.0 424.0 425.0 425.0 426.0 426.0 427.0 427.0 428.0
359.0 360.0 362.0 363.0 363.0 364.0 365.0 367.0 368.0 369.0 371.0 373.0 374.0 376.0 377.0 378.0 379.0 380.0 382.0 383.0 383.0 384.0 384.0 385.0 386.0 386.0 387.0 388.0 388.0 388.0 389.0 390.0 391.0 391.0 391.0 392.0 393.0 394.0 394.0 395.0 396.0 397.0 398.0 399.0 400.0 401.0 402.0 403.0 404.0 406.0 407.0 408.0 409.0 411.0 413.0 414.0 414.0 415.0 416.0 416.0 417.0 418.0 419.0 420.0 421.0 421.0 422.0 423.0 424.0 424.0 425.0 425.0 425.0 426.0 427.0 427.0 427.0
359.0 360.0 361.0 362.0 363.0 364.0 365.0 366.0 367.0 368.0 370.0 372.0 373.0 375.0 376.0 377.0 378.0 379.0 381.0 382.0 383.0 384.0 384.0 385.0 385.0 386.0 386.0 387.0 388.0 388.0 389.0 390.0 390.0 390.0 391.0 391.0 392.0 393.0 394.0 395.0 395.0 396.0 397.0 398.0 399.0 400.0 401.0 402.0 404.0 405.0 406.0 408.0 409.0 410.0 412.0 414.0 414.0 414.0 415.0 415.0 416.0 417.0 419.0 420.0 420.0 421.0 421.0 422.0 423.0 424.0 424.0 425.0 425.0 426.0 426.0 427.0 427.0
358.0 359.0 360.0 361.0 362.0 363.0 364.0 365.0 366.0 368.0 370.0 371.0 372.0 374.0 375.0 376.0 377.0 378.0 379.0 381.0 382.0 384.0 384.0 384.0 385.0 385.0 386.0 387.0 388.0 388.0 388.0 389.0 389.0 390.0 390.0 391.0 391.0 392.0 393.0 394.0 395.0 396.0 397.0 399.0 399.0 399.0 400.0 402.0 403.0 404.0 406.0 407.0 408.0 410.0 411.0 413.0 414.0 414.0 415.0 415.0 416.0 417.0 418.0 419.0 419.0 420.0 421.0 422.0 423.0 424.0 424.0 424.0 425.0 425.0 426.0 427.0 427.0
356.0 358.0 359.0 360.0 361.0 362.0 363.0 365.0 366.0 367.0 369.0 370.0 371.0 373.0 374.0 375.0 376.0 377.0 378.0 379.0 381.0 382.0 383.0 384.0 385.0 385.0 386.0 386.0 387.0 387.0 388.0 388.0 389.0 389.0 390.0 390.0 391.0 391.0 392.0 393.0 394.0 395.0 397.0 399.0 399.0 399.0 400.0 401.0 402.0 403.0 405.0 406.0 407.0 409.0 410.0 412.0 413.0 414.0 414.0 415.0 415.0 416.0 418.0 418.0 419.0 420.0 421.0 422.0 422.0 423.0 423.0 424.0 424.0 425.0 426.0 426.0 427.0
356.0 357.0 358.0 359.0 361.0 362.0 363.0 364.0 365.0 366.0 368.0 369.0 370.0 372.0 373.0 374.0 375.0 376.0 377.0 378.0 380.0 380.0 382.0 384.0 384.0 384.0 385.0 386.0 386.0 386.0 387.0 387.0 388.0 388.0 389.0 390.0 390.0 391.0 391.0 392.0 393.0 394.0 396.0 398.0 399.0 400.0 400.0 401.0 402.0 403.0 404.0 405.0 407.0 408.0 410.0 411.0 412.0 413.0 414.0 414.0 415.0 416.0 417.0 417.0 418.0 419.0 420.0 421.0 422.0 423.0 423.0 423.0 424.0 424.0 426.0 426.0 427.0
355.0 356.0 357.0 358.0 359.0 361.0 362.0 363.0 364.0 366.0 367.0 368.0 369.0 371.0 373.0 374.0 375.0 376.0 377.0 377.0 378.0 379.0 381.0 383.0 383.0 383.0 384.0 385.0 385.0 385.0 386.0 386.0 387.0 388.0 388.0 389.0 390.0 390.0 391.0 391.0 393.0 394.0 395.0 397.0 397.0 398.0 399.0 400.0 402.0 403.0 404.0 405.0 406.0 407.0 409.0 411.0 412.0 413.0 414.0 414.0 415.0 415.0 416.0 417.0 418.0 419.0 420.0 421.0 421.0 422.0 423.0 423.0 424.0 424.0 425.0 426.0 427.0
354.0 355.0 356.0 358.0 359.0 360.0 361.0 362.0 364.0 365.0 366.0 367.0 368.0 370.0 372.0 372.0 373.0 374.0 375.0 376.0 378.0 379.0 380.0 382.0 382.0 382.0 383.0 384.0 384.0 384.0 385.0 386.0 386.0 387.0 388.0 389.0 390.0 390.0 390.0 391.0 392.0 393.0 394.0 395.0 397.0 398.0 399.0 400.0 401.0 402.0 403.0 404.0 405.0 407.0 408.0 410.0 411.0 412.0 413.0 414.0 414.0 415.0 416.0 417.0 417.0 418.0 419.0 420.0 421.0 422.0 422.0 423.0 423.0 424.0 424.0 425.0 426.0
353.0 354.0 355.0 357.0 358.0 359.0 360.0 361.0 362.0 363.0 365.0 366.0 367.0 368.0 370.0 370.0 372.0 373.0 374.0 375.0 376.0 377.0 379.0 380.0 380.0 381.0 382.0 383.0 383.0 384.0 384.0 385.0 386.0 386.0 387.0 388.0 389.0 390.0 390.0 391.0 391.0 392.0 391.0 394.0 395.0 397.0 398.0 399.0 400.0 402.0 403.0 404.0 405.0 406.0 407.0 409.0 410.0 411.0 413.0 414.0 414.0 414.0 415.0 416.0 417.0 418.0 419.0 420.0 420.0 421.0 422.0 422.0 423.0 424.0 424.0 425.0 426.0
352.0 353.0 354.0 355.0 357.0 358.0 359.0 360.0 362.0 363.0 364.0 365.0 366.0 367.0 368.0 369.0 371.0 372.0 373.0 374.0 375.0 376.0 377.0 378.0 379.0 380.0 382.0 382.0 383.0 383.0 384.0 385.0 385.0 386.0 386.0 386.0 388.0 389.0 390.0 390.0 390.0 391.0 391.0 392.0 394.0 397.0 398.0 399.0 400.0 401.0 402.0 404.0 405.0 406.0 406.0 408.0 409.0 410.0 412.0 414.0 414.0 414.0 415.0 416.0 417.0 417.0 418.0 419.0 420.0 421.0 421.0 422.0 423.0 423.0 424.0 425.0 425.0
350.0 351.0 353.0 354.0 355.0 357.0 358.0 359.0 360.0 362.0 363.0 364.0 365.0 367.0 368.0 368.0 369.0 370.0 372.0 373.0 374.0 375.0 376.0 377.0 378.0 379.0 381.0 381.0 382.0 382.0 383.0 384.0 385.0 385.0 385.0 386.0 386.0 389.0 390.0 390.0 390.0 390.0 391.0 392.0 394.0 396.0 397.0 398.0 399.0 400.0 401.0 403.0 404.0 405.0 406.0 407.0 408.0 409.0 411.0 412.0 413.0 413.0 414.0 415.0 416.0 417.0 418.0 418.0 419.0 421.0 421.0 422.0 423.0 423.0 424.0 424.0 425.0
349.0 350.0 351.0 353.0 354.0 355.0 356.0 357.0 359.0 360.0 361.0 362.0 363.0 364.0 366.0 367.0 368.0 369.0 370.0 371.0 373.0 373.0 375.0 376.0 377.0 378.0 379.0 380.0 381.0 382.0 382.0 383.0 384.0 384.0 385.0 385.0 386.0 387.0 389.0 390.0 390.0 391.0 391.0 392.0 393.0 395.0 397.0 398.0 399.0 400.0 401.0 402.0 403.0 404.0 405.0 406.0 407.0 408.0 409.0 410.0 411.0 413.0 414.0 415.0 416.0 416.0 417.0 418.0 419.0 420.0 421.0 422.0 422.0 423.0 423.0 424.0 424.0
347.0 348.0 349.0 351.0 352.0 354.0 355.0 356.0 358.0 359.0 360.0 361.0 362.0 363.0 364.0 365.0 366.0 367.0 369.0 370.0 371.0 372.0 374.0 375.0 376.0 377.0 378.0 379.0 379.0 381.0 381.0 383.0 383.0 384.0 384.0 385.0 386.0 387.0 389.0 390.0 390.0 391.0 392.0 392.0 393.0 394.0 396.0 397.0 398.0 399.0 400.0 401.0 403.0 404.0 405.0 406.0 406.0 408.0 408.0 410.0 410.0 412.0 413.0 414.0 415.0 416.0 417.0 418.0 419.0 420.0 420.0 421.0 422.0 422.0 423.0 424.0 424.0
345.0 346.0 348.0 349.0 350.0 352.0 354.0 356.0 356.0 357.0 358.0 360.0 361.0 362.0 363.0 363.0 364.0 366.0 367.0 369.0 370.0 371.0 373.0 373.0 374.0 375.0 377.0 377.0 379.0 380.0 380.0 382.0 383.0 383.0 384.0 385.0 386.0 386.0 388.0 389.0 390.0 391.0 392.0 393.0 393.0 394.0 395.0 397.0 398.0 399.0 400.0 401.0 402.0 403.0 404.0 405.0 406.0 407.0 408.0 409.0 410.0 411.0 413.0 414.0 415.0 415.0 417.0 418.0 419.0 419.0 420.0 421.0 422.0 422.0 423.0 424.0 424.0
343.0 344.0 345.0 346.0 348.0 350.0 352.0 353.0 354.0 355.0 357.0 358.0 359.0 361.0 361.0 362.0 363.0 365.0 366.0 367.0 369.0 370.0 372.0 373.0 373.0 374.0 375.0 376.0 378.0 379.0 380.0 381.0 381.0 382.0 383.0 384.0 385.0 386.0 387.0 389.0 390.0 390.0 391.0 392.0 393.0 394.0 395.0 396.0 397.0 398.0 399.0 400.0 401.0 403.0 404.0 405.0 406.0 406.0 407.0 409.0 410.0 411.0 413.0 413.0 414.0 415.0 416.0 418.0 419.0 419.0 420.0 421.0 421.0 422.0 423.0 424.0 424.0
339.0 340.0 342.0 344.0 346.0 348.0 350.0 351.0 352.0 354.0 355.0 356.0 358.0 358.0 360.0 361.0 362.0 363.0 365.0 366.0 368.0 369.0 371.0 372.0 373.0 373.0 374.0 376.0 377.0 378.0 379.0 380.0 381.0 382.0 382.0 383.0 384.0 385.0 387.0 388.0 390.0 390.0 391.0 392.0 393.0 394.0 395.0 396.0 397.0 398.0 399.0 400.0 401.0 401.0 403.0 404.0 405.0 405.0 407.0 408.0 410.0 411.0 412.0 413.0 414.0 415.0 416.0 417.0 418.0 419.0 420.0 420.0 421.0 421.0 422.0 423.0 424.0
335.0 337.0 339.0 341.0 343.0 345.0 348.0 349.0 350.0 352.0 353.0 354.0 355.0 357.0 358.0 360.0 361.0 362.0 364.0 365.0 366.0 368.0 370.0 372.0 372.0 373.0 374.0 375.0 376.0 377.0 379.0 379.0 380.0 381.0 382.0 383.0 383.0 385.0 386.0 387.0 389.0 390.0 391.0 392.0 393.0 394.0 395.0 396.0 397.0 397.0 398.0 399.0 400.0 401.0 402.0 403.0 403.0 405.0 406.0 408.0 409.0 411.0 412.0 413.0 414.0 415.0 416.0 417.0 418.0 418.0 420.0 420.0 420.0 421.0 422.0 423.0 424.0
