files/ascii_files/china_data/chinq_dem.asc
ncols         322
nrows         195
xllcorner     6154240.15
yllcorner     2016303.696253
cellsize      6
NODATA_value  -9999
[rows 126 to 167 of 195, columns 188 to 281 of 322]
422 423 423 424 425 426 427 427 428 431 431 432 434 435 436 437 439 440 441 442 443 445 446 448 449 451 450 451 452 455 456 456 456 457 457 458 459 460 461 461 462 463 463 464 464 465 466 467 467 468 468 468 469 469 469 469 469 469 469 469 469 469 470 471 472 473 473 474 475 476 478 479 480 482 483 484 485 486 486 486 489 491 493 493 493 494 495 496 496 496 497 500 503 505
421 421 422 424 425 425 426 427 428 430 431 431 432 434 435 437 438 439 440 441 442 443 444 447 448 450 450 450 452 455 455 456 456 456 456 457 458 459 460 461 462 462 463 463 464 464 465 466 467 467 467 468 468 468 469 469 469 468 468 468 468 468 469 470 471 472 473 473 474 476 477 478 479 481 482 483 485 486 486 486 489 491 493 492 493 493 494 495 495 495 497 499 502 505
421 421 422 423 425 426 426 427 428 430 430 431 432 433 434 435 437 438 439 441 441 442 444 446 448 450 450 450 451 453 453 454 455 455 456 456 457 459 460 461 462 462 462 463 463 463 464 465 466 466 467 467 468 468 468 468 468 468 467 467 467 468 468 469 471 472 472 472 473 475 476 477 479 480 481 483 484 485 486 484 488 490 490 491 492 492 493 494 495 495 496 499 501 504
421 421 422 422 424 426 426 427 428 428 430 431 431 433 434 435 436 437 439 440 441 442 444 446 447 450 449 449 450 452 452 453 454 454 455 456 457 459 460 461 462 461 461 462 462 463 464 464 464 465 466 467 467 468 468 468 468 467 467 466 467 467 468 469 471 471 471 472 472 474 475 477 478 479 480 482 484 485 485 485 486 488 489 490 491 492 493 493 494 495 495 497 500 503
420 420 421 422 423 425 427 428 428 428 429 430 431 433 435 435 435 437 438 439 441 443 444 446 446 448 448 449 449 451 451 452 453 453 454 455 457 459 460 461 461 461 461 461 461 462 463 463 463 463 464 465 467 467 467 468 467 467 466 467 466 466 467 469 470 470 471 471 471 473 474 476 477 479 481 483 484 484 484 484 484 486 488 489 490 491 492 492 494 495 495 497 500 501
419 420 420 421 423 424 427 427 429 429 430 430 432 433 434 435 435 436 438 439 441 443 445 446 447 447 448 448 449 449 450 451 452 453 453 454 455 457 459 460 460 460 460 460 461 462 462 462 462 462 463 464 465 466 467 467 467 467 467 467 467 467 467 469 469 470 470 470 470 473 476 477 478 480 481 482 483 483 483 484 484 484 486 487 489 490 491 493 494 494 494 496 499 501
418 419 419 420 422 423 424 426 427 428 430 431 431 432 433 434 435 436 437 438 440 442 443 445 446 447 448 447 448 449 449 450 451 452 452 454 454 455 457 459 459 459 459 460 461 462 461 461 461 461 461 462 463 464 465 466 467 467 467 467 468 468 466 468 468 469 469 469 471 473 475 477 478 479 479 479 481 482 482 482 483 484 485 487 488 489 491 494 494 494 494 495 498 500
418 418 419 419 420 421 422 424 425 426 428 430 430 431 432 433 434 435 437 437 439 440 442 443 444 446 447 447 447 448 448 449 450 451 452 453 454 455 455 457 458 458 458 459 461 461 461 460 460 460 460 461 462 463 464 465 466 466 467 468 468 467 466 466 467 468 468 469 470 472 473 475 478 478 479 478 478 479 480 481 482 483 485 486 488 489 491 493 493 493 494 495 497 500
417 418 418 419 419 420 421 422 423 425 427 428 429 430 432 431 432 434 435 436 437 438 440 441 443 444 445 446 447 447 448 448 449 450 451 452 453 454 455 456 457 457 457 459 461 461 460 459 459 459 459 459 460 461 463 464 464 465 466 467 468 468 466 465 466 467 468 469 470 471 473 473 476 477 478 478 478 478 479 480 481 483 485 486 487 489 491 493 493 493 493 494 497 499
416 417 418 418 418 419 420 421 422 424 426 427 428 429 429 430 431 432 434 435 436 437 438 440 441 443 445 445 446 447 447 448 448 449 451 452 453 453 454 455 456 456 455 457 457 458 459 459 458 458 458 458 459 460 461 462 462 463 464 465 466 467 467 466 465 466 467 468 469 470 472 473 474 476 478 478 478 477 478 479 481 483 484 486 488 489 491 493 493 492 493 494 496 499
416 416 416 416 417 417 418 419 421 423 425 426 426 427 428 429 430 431 433 434 435 436 437 438 440 442 444 445 446 446 447 447 448 449 450 451 452 453 454 454 455 455 455 455 456 457 457 458 458 457 457 457 458 459 460 461 461 461 462 463 464 465 466 466 465 465 466 467 468 470 473 474 474 475 477 477 477 477 478 479 481 482 484 486 488 489 491 492 492 492 492 493 495 498
415 415 415 415 415 416 417 419 421 422 423 423 424 424 426 428 429 430 432 433 434 435 436 437 439 441 443 445 445 445 446 446 448 448 449 451 451 452 452 453 453 454 454 454 455 456 456 457 457 456 456 456 457 459 460 460 460 460 460 461 462 463 464 465 465 464 465 466 468 470 473 473 474 474 475 476 476 476 478 479 481 482 483 485 487 489 490 492 492 492 492 493 495 497
413 413 413 414 414 415 416 418 419 420 420 421 421 423 425 426 427 429 430 432 433 435 436 437 439 440 442 443 444 444 445 445 446 447 449 450 450 451 451 452 452 453 453 454 454 455 455 455 456 456 455 456 457 458 458 458 458 458 459 459 460 461 462 463 464 464 464 465 468 470 471 472 473 474 474 475 475 476 477 478 480 482 483 484 485 487 489 491 492 492 492 492 494 496
412 412 412 412 412 413 415 416 417 417 419 420 421 422 423 424 425 427 429 431 432 433 435 436 437 438 440 441 442 443 444 444 445 446 447 448 449 449 450 450 451 452 452 453 453 454 454 454 455 455 455 455 456 456 456 456 457 457 457 458 459 460 460 461 462 463 463 465 466 468 470 470 471 473 473 474 474 475 476 478 479 481 482 483 484 486 488 490 491 492 492 492 493 496
411 411 411 411 411 412 413 414 415 417 418 419 420 420 421 422 424 425 427 429 430 432 433 434 436 437 438 439 441 442 443 443 444 446 446 447 447 448 449 449 450 451 451 452 452 452 453 453 453 454 454 455 455 455 455 455 456 456 457 457 458 458 459 460 461 462 463 463 464 466 467 468 469 471 472 473 473 474 476 477 479 480 481 483 484 486 488 490 491 491 491 491 493 495
411 410 410 410 410 411 412 414 415 416 417 418 419 419 420 420 422 424 425 427 429 430 432 433 434 436 437 438 439 440 441 442 443 445 445 445 446 447 447 448 449 449 450 450 451 451 452 452 452 453 453 453 454 454 454 455 455 455 456 456 456 457 458 459 460 460 461 461 462 463 464 466 467 469 470 472 473 474 475 477 478 480 481 483 484 485 488 490 490 490 490 491 492 494
409 409 409 409 409 410 411 412 414 415 416 416 417 418 418 419 420 422 424 425 427 429 430 431 433 434 436 437 438 439 440 441 443 444 444 444 445 445 446 447 447 448 448 449 449 450 450 451 452 452 451 452 452 453 454 454 454 454 455 455 455 456 457 458 458 459 459 460 461 462 464 466 467 468 470 471 472 473 475 477 478 480 481 483 484 485 486 489 490 490 490 490 491 494
408 408 408 408 408 408 409 410 412 413 414 414 415 416 416 417 418 419 421 424 425 427 429 430 432 433 434 436 437 438 439 440 441 442 442 443 444 444 445 445 446 447 447 447 448 449 449 450 450 450 450 450 451 451 452 452 453 453 454 454 454 455 456 456 457 457 458 459 460 462 465 466 467 467 469 471 472 473 475 476 478 480 481 482 484 485 486 488 489 489 489 489 490 493
406 407 407 407 407 407 407 408 410 410 411 413 413 414 414 415 416 417 419 421 423 426 427 429 430 432 433 434 436 437 438 439 439 440 441 442 442 443 443 444 445 445 445 446 446 447 448 448 448 448 448 448 448 449 449 450 451 452 453 453 452 453 454 455 456 457 457 458 461 463 463 465 466 467 468 470 472 473 474 476 478 480 481 482 483 484 485 487 488 488 489 489 490 492
405 406 406 406 406 406 406 406 407 408 409 410 411 412 412 413 414 415 417 419 421 423 425 427 429 430 432 433 434 436 437 438 439 439 439 440 440 441 442 442 443 443 444 444 445 445 446 446 446 446 446 446 446 446 446 447 447 448 449 449 450 451 453 454 454 455 456 458 461 463 463 464 465 466 468 469 471 472 474 476 478 480 481 482 483 484 485 486 487 488 488 488 489 491
404 405 405 405 405 405 405 405 405 406 407 408 409 410 411 411 412 413 415 417 418 420 423 425 427 429 431 434 435 435 436 436 437 437 437 438 438 439 440 440 441 441 442 442 443 443 444 444 444 444 444 443 443 443 444 445 445 446 446 447 448 449 450 451 452 453 455 457 460 462 463 464 465 466 467 469 471 472 474 476 477 479 480 481 482 483 484 485 486 487 487 487 488 490
403 403 404 404 404 405 405 404 404 405 405 406 407 408 409 409 410 411 413 415 417 418 421 423 425 427 430 431 432 433 434 434 435 435 435 436 436 437 438 439 439 440 440 440 441 441 441 441 441 441 441 441 441 442 442 442 444 444 445 446 447 447 447 449 450 451 454 456 458 460 463 463 465 466 467 469 470 472 473 475 477 478 479 480 481 482 483 484 486 486 486 487 487 489
402 402 403 403 404 404 404 403 403 403 403 404 405 406 407 407 407 409 411 413 415 417 419 421 422 425 427 429 430 431 432 432 433 433 433 434 434 435 436 437 437 438 438 439 440 439 439 439 439 438 438 439 440 440 441 442 442 444 444 445 446 447 447 448 449 450 452 455 457 459 462 463 464 466 467 468 470 471 472 474 476 477 479 479 480 481 482 484 485 485 486 486 487 489
401 401 402 402 403 403 403 402 402 402 402 402 403 404 404 405 406 408 409 411 413 415 416 418 420 423 424 426 427 428 430 429 430 431 432 432 432 433 434 435 435 435 436 437 438 437 436 437 437 437 438 439 440 441 442 444 444 445 446 447 448 448 448 448 449 450 452 455 458 460 461 463 464 465 466 468 469 470 471 473 475 477 478 479 480 481 482 484 485 485 485 485 486 488
400 400 400 400 401 401 401 401 401 401 401 401 402 402 403 403 405 406 408 410 412 413 416 416 418 420 421 423 424 425 426 426 427 428 429 429 429 431 432 433 433 433 434 435 435 433 436 437 439 440 441 441 442 443 444 445 446 447 448 449 450 451 450 449 449 451 453 456 458 459 460 462 463 465 466 467 468 469 470 472 474 476 477 478 479 480 481 483 484 484 485 485 486 488
398 399 399 399 399 399 399 400 400 400 400 401 401 401 402 402 403 405 407 408 410 412 414 415 416 418 419 420 421 422 423 423 424 425 425 426 427 427 429 431 431 431 431 432 433 434 438 440 442 443 443 444 444 445 446 447 449 449 450 452 453 453 453 452 451 452 454 457 458 458 460 461 463 464 466 466 467 468 469 471 473 475 477 477 478 479 480 482 484 484 484 484 485 487
397 397 398 398 398 398 398 399 399 399 399 400 400 401 401 402 402 404 405 407 408 410 413 414 415 416 418 419 420 420 420 419 420 420 421 421 423 424 426 428 429 429 429 431 432 435 439 444 444 445 445 446 447 447 448 449 450 451 452 454 455 456 455 455 455 454 455 456 457 458 459 461 462 464 465 465 466 467 468 470 472 474 476 476 477 478 480 483 483 483 483 484 485 487
396 396 396 397 397 397 398 398 398 398 398 399 400 400 401 401 402 403 404 406 408 410 411 412 414 415 417 418 418 418 418 418 419 420 421 422 423 425 426 428 428 429 430 432 434 436 440 445 446 447 448 448 449 449 450 451 452 453 454 456 457 456 456 456 456 456 456 455 456 457 459 460 462 464 464 463 464 466 467 469 471 473 475 475 477 478 481 482 483 483 483 484 485 487
395 395 395 395 396 396 396 397 397 397 397 398 399 400 400 401 402 402 403 406 407 409 410 412 413 414 416 416 417 416 417 417 420 421 422 423 425 426 427 429 430 430 431 433 435 437 441 445 446 447 448 449 451 452 452 453 454 455 456 458 458 457 457 457 457 457 457 456 455 457 458 460 462 463 463 463 464 465 467 468 470 472 473 474 476 478 481 482 483 483 483 484 485 486
393 394 394 394 394 395 395 396 396 396 396 398 399 400 400 401 401 402 403 404 406 408 409 411 412 413 415 415 415 416 416 418 420 421 423 424 426 427 429 430 431 432 433 435 437 439 441 446 447 448 449 450 451 452 453 454 455 457 459 459 459 458 458 458 458 458 459 458 457 457 459 460 462 462 463 464 465 466 468 469 471 472 473 475 477 479 481 482 482 483 482 483 485 486
392 392 393 393 393 394 394 395 395 396 397 397 398 399 400 400 401 402 403 404 405 407 408 410 411 412 413 414 415 415 417 419 421 422 424 425 427 428 430 431 432 433 434 436 438 440 442 447 447 448 449 450 451 453 454 455 456 458 459 459 459 459 459 459 459 460 460 459 458 459 460 461 462 463 464 465 467 468 469 471 472 473 476 476 477 480 482 482 482 482 482 483 485 486
391 391 392 392 392 393 393 394 396 396 397 397 398 399 399 400 401 401 403 404 405 406 407 409 410 412 412 413 414 416 418 420 422 423 425 426 428 430 431 433 433 434 436 438 440 442 444 447 448 449 450 451 452 453 454 455 457 458 459 460 460 460 460 460 460 461 462 461 460 460 461 463 464 464 466 467 468 469 471 472 473 474 476 477 478 480 482 482 482 482 482 482 485 486
390 390 390 391 392 393 394 395 396 397 397 398 398 399 399 400 400 402 403 404 405 406 407 408 409 411 412 413 415 417 419 422 423 425 426 428 429 431 432 434 435 436 437 439 441 443 445 448 449 449 450 451 452 453 454 456 457 458 459 460 461 461 461 461 462 463 464 463 462 462 463 464 465 466 467 469 470 471 472 473 473 475 477 478 479 480 482 482 482 482 482 483 485 486
389 389 390 392 393 394 395 396 397 398 399 399 399 399 400 400 401 403 402 403 405 406 407 408 409 411 412 414 416 418 421 423 424 426 427 429 430 432 433 435 436 437 439 441 442 444 447 449 449 450 451 452 453 454 455 456 457 458 459 460 461 462 463 464 464 465 466 465 464 464 465 465 467 468 469 470 471 472 473 474 475 475 477 479 480 481 482 482 482 482 482 484 485 486
388 390 391 393 394 395 396 397 398 399 400 400 400 400 401 401 402 403 403 404 405 406 407 408 410 412 413 416 418 420 422 424 425 427 429 430 432 433 435 436 437 438 440 442 444 446 448 449 450 451 451 452 453 454 455 456 457 458 460 461 462 463 464 465 466 466 467 467 466 465 466 467 468 469 470 472 472 473 473 474 475 476 477 479 481 482 482 482 482 482 483 485 485 486
388 390 392 394 395 396 397 398 399 400 401 402 402 402 403 404 405 405 406 408 407 408 409 410 412 414 415 418 420 422 424 425 426 428 430 431 433 434 436 437 439 440 442 444 445 447 448 450 450 451 452 453 453 455 456 457 458 459 460 461 463 464 465 465 466 467 467 467 467 467 467 468 469 469 470 472 473 473 473 475 475 476 478 480 481 482 482 482 482 482 484 485 485 486
389 391 393 394 395 396 397 398 399 401 402 403 403 404 405 406 407 409 410 410 410 411 412 413 414 416 418 419 422 424 425 426 428 429 431 432 434 435 437 438 440 441 443 445 446 447 449 450 451 452 452 453 454 455 456 458 459 460 461 462 463 465 465 466 467 467 468 468 468 468 469 469 469 470 470 471 472 474 474 475 476 479 481 481 481 482 482 482 482 482 484 485 486 487
390 392 394 395 396 397 398 399 401 402 403 404 405 405 407 408 409 411 412 412 413 414 416 417 418 419 420 421 424 425 426 427 429 430 432 433 435 436 438 440 441 442 444 445 446 448 449 450 451 452 453 454 455 456 457 458 459 461 462 463 464 465 466 467 467 468 469 469 470 470 470 470 471 471 471 472 473 474 475 475 477 478 480 482 482 482 482 482 482 483 484 485 486 487
391 393 394 395 397 398 399 401 402 403 404 405 406 407 408 410 411 412 413 414 415 416 417 419 420 421 422 424 425 426 427 428 430 431 433 434 436 437 439 441 442 443 444 445 447 448 449 451 452 453 453 454 456 457 458 459 460 461 462 464 465 466 467 467 468 469 470 470 470 471 471 471 472 472 472 473 474 475 475 477 478 480 480 482 482 482 482 482 482 484 484 485 485 487
392 393 395 395 397 398 400 402 403 404 405 406 407 408 409 411 412 413 414 415 416 417 419 420 421 422 423 425 426 427 428 430 431 432 434 435 437 439 440 441 443 444 445 446 447 448 450 451 452 453 454 455 456 457 459 460 461 462 463 464 465 466 467 468 469 470 471 471 471 472 473 473 473 473 473 474 475 476 476 477 480 481 481 482 482 482 482 482 483 484 484 485 486 486
392 393 394 395 396 398 400 402 403 405 406 407 408 410 411 412 414 414 415 416 417 419 420 421 422 423 425 426 427 428 430 431 432 434 435 436 438 440 441 442 443 444 445 446 447 449 450 451 452 454 454 456 457 458 459 461 462 463 464 465 466 467 468 468 469 470 471 472 472 473 474 474 474 474 474 475 476 477 477 478 479 482 482 483 483 482 482 482 483 484 484 485 486 486
392 393 394 396 396 398 400 401 403 405 407 408 409 411 412 413 414 415 416 417 418 420 421 422 423 425 426 427 428 430 431 432 434 435 436 438 439 441 442 443 444 445 446 447 448 449 450 451 453 454 455 456 458 459 460 461 462 464 465 466 467 468 468 469 470 471 472 473 473 474 475 475 475 475 475 476 477 477 478 478 481 483 483 483 483 483 482 482 483 483 484 484 486 487
