files/ascii_files/china_data/china_dem_small.asc
ncols 120
nrows 120
xllcorner 6154846.15
yllcorner 2016531.70
cellsize 6
NODATA_value -1
[rows 0 to 33 of 120, columns 0 to 76 of 120]
297.0 295.0 296.0 297.0 299.0 302.0 306.0 310.0 314.0 319.0 323.0 328.0 335.0 339.0 343.0 346.0 349.0 352.0 355.0 358.0 361.0 365.0 370.0 370.0 370.0 369.0 367.0 364.0 361.0 359.0 357.0 357.0 358.0 357.0 357.0 356.0 355.0 354.0 355.0 357.0 358.0 358.0 360.0 363.0 366.0 365.0 367.0 368.0 369.0 370.0 370.0 371.0 371.0 371.0 371.0 372.0 374.0 374.0 373.0 372.0 374.0 377.0 380.0 381.0 381.0 381.0 381.0 382.0 381.0 381.0 382.0 383.0 385.0 383.0 382.0 381.0 381.0
292.0 292.0 294.0 299.0 301.0 305.0 309.0 314.0 319.0 323.0 327.0 332.0 339.0 343.0 347.0 350.0 354.0 357.0 359.0 362.0 365.0 368.0 372.0 372.0 371.0 370.0 369.0 367.0 364.0 362.0 361.0 361.0 362.0 362.0 361.0 360.0 358.0 357.0 358.0 360.0 360.0 359.0 360.0 363.0 366.0 367.0 369.0 371.0 372.0 373.0 373.0 374.0 374.0 374.0 373.0 375.0 375.0 376.0 376.0 375.0 378.0 381.0 383.0 382.0 383.0 383.0 383.0 383.0 382.0 382.0 384.0 386.0 387.0 386.0 385.0 382.0 382.0
292.0 294.0 297.0 301.0 305.0 311.0 315.0 319.0 322.0 326.0 331.0 336.0 341.0 346.0 350.0 353.0 356.0 359.0 362.0 365.0 368.0 370.0 370.0 370.0 371.0 370.0 369.0 369.0 368.0 365.0 365.0 365.0 366.0 365.0 364.0 363.0 362.0 360.0 361.0 363.0 363.0 362.0 361.0 363.0 366.0 368.0 370.0 373.0 376.0 376.0 376.0 376.0 376.0 375.0 374.0 377.0 377.0 378.0 378.0 378.0 379.0 382.0 382.0 382.0 383.0 384.0 384.0 384.0 383.0 384.0 386.0 388.0 390.0 390.0 387.0 383.0 382.0
294.0 298.0 301.0 305.0 309.0 314.0 319.0 322.0 325.0 330.0 334.0 338.0 343.0 348.0 353.0 355.0 359.0 362.0 365.0 367.0 370.0 370.0 371.0 371.0 372.0 371.0 370.0 369.0 368.0 367.0 367.0 368.0 369.0 368.0 367.0 366.0 365.0 364.0 363.0 364.0 365.0 365.0 365.0 366.0 366.0 369.0 372.0 375.0 377.0 378.0 378.0 378.0 377.0 377.0 377.0 377.0 378.0 379.0 380.0 379.0 379.0 380.0 381.0 381.0 383.0 385.0 385.0 385.0 385.0 387.0 388.0 390.0 392.0 394.0 388.0 385.0 383.0
298.0 302.0 305.0 308.0 313.0 317.0 321.0 324.0 328.0 333.0 338.0 342.0 345.0 349.0 354.0 358.0 361.0 364.0 367.0 369.0 371.0 371.0 372.0 372.0 373.0 372.0 371.0 370.0 369.0 368.0 369.0 369.0 370.0 370.0 369.0 368.0 367.0 365.0 365.0 365.0 366.0 367.0 367.0 367.0 368.0 371.0 374.0 376.0 378.0 379.0 379.0 379.0 379.0 379.0 379.0 379.0 378.0 379.0 379.0 377.0 378.0 379.0 380.0 380.0 382.0 386.0 386.0 386.0 387.0 389.0 391.0 392.0 393.0 395.0 390.0 387.0 386.0
299.0 303.0 306.0 311.0 315.0 319.0 323.0 326.0 330.0 336.0 341.0 346.0 350.0 354.0 358.0 361.0 363.0 366.0 368.0 370.0 371.0 372.0 373.0 373.0 374.0 373.0 372.0 371.0 370.0 370.0 369.0 370.0 370.0 371.0 370.0 370.0 368.0 369.0 369.0 368.0 367.0 368.0 368.0 368.0 370.0 372.0 375.0 377.0 378.0 380.0 381.0 382.0 382.0 381.0 381.0 381.0 379.0 379.0 379.0 377.0 377.0 379.0 379.0 380.0 382.0 385.0 387.0 388.0 389.0 391.0 392.0 393.0 395.0 394.0 391.0 389.0 387.0
300.0 305.0 310.0 315.0 319.0 322.0 325.0 329.0 333.0 338.0 344.0 349.0 355.0 358.0 361.0 363.0 364.0 367.0 370.0 371.0 372.0 373.0 374.0 374.0 375.0 374.0 373.0 372.0 371.0 371.0 371.0 371.0 371.0 372.0 371.0 371.0 370.0 370.0 370.0 369.0 369.0 369.0 369.0 369.0 371.0 374.0 375.0 376.0 378.0 380.0 382.0 385.0 384.0 383.0 383.0 382.0 381.0 379.0 380.0 379.0 379.0 378.0 378.0 379.0 381.0 385.0 388.0 389.0 391.0 392.0 393.0 395.0 395.0 394.0 392.0 389.0 387.0
302.0 306.0 311.0 316.0 321.0 325.0 328.0 331.0 336.0 341.0 346.0 351.0 355.0 359.0 363.0 365.0 366.0 369.0 371.0 372.0 373.0 374.0 375.0 375.0 376.0 375.0 374.0 373.0 373.0 373.0 372.0 372.0 372.0 372.0 372.0 372.0 372.0 370.0 371.0 370.0 370.0 370.0 370.0 370.0 372.0 373.0 375.0 376.0 378.0 380.0 382.0 384.0 386.0 385.0 384.0 383.0 382.0 380.0 379.0 382.0 381.0 379.0 379.0 381.0 385.0 388.0 389.0 391.0 392.0 393.0 396.0 396.0 395.0 394.0 393.0 391.0 389.0
305.0 308.0 313.0 318.0 322.0 326.0 331.0 334.0 337.0 343.0 347.0 351.0 355.0 359.0 363.0 366.0 368.0 370.0 373.0 373.0 374.0 375.0 376.0 376.0 377.0 375.0 374.0 374.0 374.0 374.0 374.0 373.0 373.0 373.0 373.0 373.0 372.0 372.0 372.0 372.0 372.0 371.0 370.0 371.0 372.0 373.0 375.0 376.0 377.0 379.0 382.0 384.0 384.0 385.0 384.0 384.0 383.0 381.0 382.0 384.0 382.0 380.0 381.0 383.0 386.0 391.0 391.0 392.0 394.0 397.0 397.0 397.0 397.0 396.0 395.0 393.0 391.0
308.0 311.0 315.0 319.0 324.0 329.0 331.0 337.0 340.0 346.0 349.0 352.0 356.0 359.0 363.0 366.0 368.0 370.0 373.0 375.0 375.0 376.0 377.0 377.0 377.0 376.0 376.0 376.0 376.0 376.0 375.0 375.0 375.0 374.0 374.0 374.0 373.0 373.0 373.0 373.0 372.0 371.0 372.0 374.0 373.0 374.0 375.0 375.0 377.0 379.0 381.0 382.0 383.0 384.0 384.0 384.0 383.0 382.0 383.0 385.0 384.0 383.0 383.0 387.0 389.0 394.0 394.0 397.0 398.0 398.0 398.0 398.0 398.0 398.0 396.0 394.0 393.0
311.0 313.0 317.0 321.0 327.0 331.0 333.0 337.0 340.0 346.0 350.0 353.0 356.0 360.0 363.0 365.0 369.0 371.0 372.0 374.0 376.0 377.0 378.0 378.0 378.0 377.0 377.0 377.0 377.0 377.0 377.0 376.0 376.0 376.0 376.0 375.0 374.0 374.0 373.0 373.0 372.0 371.0 373.0 374.0 374.0 374.0 374.0 376.0 377.0 378.0 380.0 384.0 385.0 385.0 385.0 385.0 384.0 383.0 385.0 386.0 384.0 384.0 386.0 388.0 392.0 393.0 398.0 399.0 399.0 399.0 399.0 399.0 399.0 398.0 397.0 396.0 394.0
312.0 316.0 319.0 323.0 328.0 333.0 334.0 338.0 341.0 346.0 351.0 354.0 357.0 360.0 364.0 366.0 369.0 371.0 372.0 374.0 376.0 378.0 378.0 379.0 379.0 379.0 379.0 379.0 379.0 378.0 378.0 378.0 377.0 377.0 377.0 376.0 376.0 375.0 375.0 374.0 373.0 373.0 373.0 375.0 376.0 377.0 379.0 380.0 381.0 381.0 382.0 385.0 386.0 387.0 387.0 387.0 386.0 385.0 386.0 387.0 386.0 386.0 389.0 391.0 393.0 394.0 399.0 400.0 400.0 400.0 400.0 400.0 399.0 399.0 398.0 397.0 396.0
315.0 318.0 320.0 325.0 330.0 334.0 336.0 339.0 342.0 347.0 351.0 354.0 359.0 362.0 364.0 366.0 369.0 371.0 373.0 374.0 376.0 378.0 379.0 380.0 380.0 380.0 380.0 380.0 380.0 380.0 379.0 378.0 379.0 379.0 379.0 378.0 377.0 376.0 376.0 375.0 375.0 374.0 375.0 377.0 378.0 380.0 381.0 383.0 385.0 385.0 386.0 388.0 389.0 390.0 390.0 390.0 388.0 388.0 389.0 389.0 389.0 389.0 390.0 393.0 395.0 396.0 400.0 401.0 401.0 401.0 401.0 401.0 400.0 399.0 399.0 398.0 397.0
317.0 321.0 323.0 327.0 332.0 334.0 339.0 342.0 344.0 347.0 351.0 356.0 362.0 365.0 365.0 367.0 369.0 371.0 372.0 374.0 376.0 378.0 379.0 380.0 381.0 382.0 382.0 382.0 382.0 381.0 380.0 380.0 381.0 381.0 381.0 380.0 379.0 378.0 377.0 377.0 377.0 376.0 377.0 379.0 380.0 382.0 383.0 384.0 386.0 387.0 389.0 390.0 392.0 392.0 393.0 393.0 391.0 392.0 392.0 392.0 392.0 391.0 391.0 395.0 398.0 400.0 402.0 403.0 403.0 402.0 402.0 401.0 401.0 400.0 399.0 399.0 398.0
317.0 323.0 327.0 330.0 334.0 337.0 341.0 345.0 346.0 349.0 351.0 354.0 360.0 364.0 366.0 368.0 370.0 372.0 372.0 373.0 374.0 376.0 377.0 378.0 380.0 381.0 382.0 382.0 382.0 381.0 382.0 382.0 383.0 383.0 383.0 382.0 381.0 380.0 379.0 378.0 379.0 378.0 379.0 381.0 382.0 384.0 385.0 386.0 388.0 390.0 392.0 393.0 394.0 395.0 395.0 396.0 395.0 395.0 396.0 396.0 395.0 395.0 394.0 398.0 400.0 402.0 404.0 406.0 405.0 403.0 403.0 402.0 402.0 401.0 401.0 401.0 401.0
320.0 325.0 329.0 333.0 337.0 340.0 342.0 345.0 347.0 349.0 352.0 355.0 357.0 362.0 366.0 369.0 370.0 371.0 372.0 372.0 373.0 374.0 375.0 377.0 380.0 381.0 380.0 380.0 381.0 382.0 383.0 384.0 385.0 385.0 385.0 385.0 385.0 384.0 382.0 382.0 381.0 380.0 381.0 383.0 384.0 386.0 387.0 389.0 391.0 393.0 395.0 396.0 397.0 398.0 398.0 398.0 398.0 399.0 399.0 399.0 399.0 398.0 398.0 399.0 401.0 404.0 406.0 408.0 407.0 405.0 405.0 404.0 404.0 404.0 403.0 403.0 403.0
321.0 326.0 330.0 334.0 338.0 342.0 345.0 347.0 350.0 350.0 353.0 356.0 358.0 361.0 366.0 369.0 369.0 369.0 370.0 371.0 371.0 373.0 374.0 375.0 377.0 378.0 377.0 377.0 379.0 381.0 383.0 384.0 386.0 387.0 387.0 387.0 387.0 387.0 386.0 384.0 384.0 384.0 384.0 385.0 386.0 387.0 389.0 392.0 394.0 396.0 398.0 399.0 400.0 400.0 401.0 401.0 402.0 402.0 402.0 403.0 402.0 402.0 401.0 403.0 404.0 406.0 408.0 409.0 408.0 408.0 408.0 406.0 406.0 406.0 405.0 405.0 405.0
322.0 326.0 331.0 335.0 339.0 342.0 344.0 350.0 353.0 352.0 354.0 356.0 357.0 360.0 364.0 367.0 367.0 368.0 368.0 369.0 370.0 371.0 372.0 374.0 374.0 374.0 374.0 375.0 377.0 379.0 382.0 386.0 387.0 388.0 389.0 389.0 390.0 389.0 388.0 387.0 387.0 388.0 389.0 388.0 388.0 390.0 392.0 394.0 397.0 399.0 401.0 403.0 404.0 403.0 404.0 404.0 405.0 405.0 405.0 406.0 406.0 405.0 405.0 406.0 408.0 410.0 411.0 411.0 411.0 411.0 411.0 411.0 409.0 408.0 408.0 407.0 407.0
327.0 329.0 332.0 336.0 338.0 342.0 346.0 349.0 352.0 352.0 354.0 355.0 356.0 359.0 362.0 365.0 366.0 366.0 367.0 368.0 369.0 370.0 371.0 372.0 372.0 373.0 373.0 374.0 376.0 379.0 383.0 386.0 390.0 389.0 390.0 392.0 392.0 391.0 391.0 390.0 391.0 391.0 392.0 392.0 391.0 392.0 395.0 397.0 399.0 402.0 403.0 403.0 404.0 405.0 406.0 406.0 407.0 407.0 408.0 408.0 409.0 408.0 408.0 410.0 411.0 412.0 412.0 411.0 412.0 412.0 412.0 412.0 411.0 411.0 410.0 409.0 409.0
332.0 334.0 335.0 337.0 338.0 342.0 345.0 348.0 351.0 352.0 354.0 355.0 356.0 358.0 360.0 364.0 365.0 365.0 366.0 367.0 368.0 369.0 370.0 370.0 369.0 371.0 372.0 372.0 375.0 379.0 382.0 386.0 390.0 391.0 392.0 393.0 393.0 393.0 393.0 394.0 393.0 393.0 394.0 395.0 395.0 396.0 397.0 399.0 402.0 403.0 404.0 404.0 405.0 406.0 407.0 408.0 408.0 409.0 409.0 410.0 411.0 411.0 412.0 412.0 413.0 413.0 414.0 413.0 413.0 413.0 413.0 413.0 413.0 412.0 412.0 412.0 411.0
336.0 338.0 340.0 341.0 341.0 343.0 345.0 349.0 351.0 353.0 354.0 356.0 357.0 358.0 359.0 362.0 364.0 364.0 365.0 366.0 368.0 368.0 369.0 370.0 370.0 371.0 371.0 373.0 376.0 379.0 382.0 386.0 388.0 391.0 393.0 394.0 395.0 396.0 397.0 398.0 399.0 397.0 397.0 399.0 398.0 399.0 401.0 402.0 403.0 405.0 406.0 406.0 407.0 408.0 408.0 409.0 410.0 410.0 411.0 411.0 412.0 412.0 413.0 413.0 414.0 414.0 415.0 415.0 415.0 414.0 414.0 414.0 414.0 413.0 413.0 413.0 413.0
341.0 343.0 345.0 344.0 345.0 346.0 347.0 350.0 352.0 353.0 355.0 356.0 357.0 358.0 360.0 361.0 363.0 364.0 365.0 366.0 367.0 367.0 369.0 370.0 371.0 371.0 373.0 373.0 376.0 379.0 382.0 385.0 388.0 392.0 394.0 396.0 397.0 398.0 400.0 400.0 401.0 402.0 400.0 402.0 406.0 404.0 407.0 405.0 405.0 406.0 408.0 408.0 409.0 409.0 410.0 410.0 411.0 412.0 412.0 412.0 413.0 413.0 414.0 414.0 416.0 416.0 416.0 416.0 415.0 415.0 416.0 416.0 415.0 414.0 414.0 414.0 414.0
345.0 347.0 349.0 348.0 350.0 346.0 348.0 350.0 352.0 353.0 355.0 357.0 358.0 359.0 360.0 361.0 362.0 363.0 364.0 365.0 366.0 367.0 368.0 369.0 370.0 372.0 373.0 374.0 377.0 380.0 383.0 385.0 388.0 392.0 395.0 397.0 398.0 399.0 401.0 402.0 403.0 404.0 404.0 404.0 405.0 409.0 410.0 408.0 409.0 409.0 409.0 410.0 410.0 411.0 411.0 411.0 412.0 412.0 412.0 413.0 414.0 414.0 415.0 415.0 416.0 416.0 417.0 417.0 416.0 416.0 416.0 416.0 416.0 415.0 415.0 415.0 415.0
348.0 351.0 351.0 350.0 352.0 351.0 351.0 352.0 354.0 355.0 356.0 357.0 358.0 359.0 360.0 361.0 362.0 363.0 363.0 364.0 365.0 366.0 368.0 369.0 371.0 372.0 373.0 374.0 377.0 380.0 383.0 385.0 388.0 391.0 396.0 397.0 399.0 400.0 403.0 404.0 405.0 406.0 407.0 406.0 408.0 410.0 411.0 409.0 410.0 411.0 411.0 411.0 411.0 412.0 412.0 412.0 413.0 413.0 413.0 414.0 414.0 415.0 415.0 416.0 416.0 417.0 417.0 417.0 417.0 417.0 417.0 417.0 417.0 416.0 416.0 416.0 416.0
350.0 352.0 354.0 357.0 355.0 354.0 353.0 354.0 356.0 357.0 358.0 358.0 359.0 360.0 360.0 361.0 362.0 363.0 364.0 364.0 365.0 367.0 368.0 369.0 370.0 372.0 374.0 374.0 376.0 381.0 382.0 386.0 389.0 392.0 399.0 398.0 402.0 403.0 403.0 405.0 405.0 406.0 407.0 408.0 409.0 410.0 410.0 411.0 411.0 412.0 413.0 412.0 412.0 413.0 413.0 413.0 414.0 414.0 414.0 415.0 415.0 415.0 416.0 416.0 417.0 417.0 417.0 417.0 417.0 417.0 417.0 418.0 418.0 418.0 417.0 417.0 417.0
352.0 353.0 356.0 358.0 358.0 356.0 356.0 356.0 357.0 359.0 359.0 360.0 360.0 361.0 361.0 361.0 362.0 363.0 364.0 365.0 366.0 366.0 368.0 369.0 370.0 372.0 375.0 375.0 381.0 382.0 381.0 385.0 389.0 394.0 399.0 401.0 401.0 403.0 404.0 405.0 406.0 407.0 407.0 408.0 409.0 410.0 411.0 411.0 412.0 412.0 413.0 413.0 413.0 413.0 414.0 414.0 414.0 415.0 415.0 415.0 416.0 416.0 416.0 417.0 417.0 417.0 417.0 417.0 418.0 418.0 418.0 419.0 419.0 419.0 418.0 418.0 418.0
353.0 355.0 357.0 358.0 358.0 359.0 358.0 358.0 359.0 360.0 361.0 362.0 362.0 363.0 363.0 362.0 363.0 364.0 365.0 365.0 365.0 366.0 368.0 369.0 370.0 372.0 375.0 376.0 378.0 382.0 382.0 383.0 387.0 393.0 398.0 400.0 402.0 403.0 404.0 405.0 406.0 407.0 408.0 408.0 409.0 410.0 411.0 412.0 412.0 413.0 413.0 414.0 415.0 415.0 414.0 415.0 415.0 416.0 416.0 416.0 416.0 417.0 417.0 417.0 417.0 417.0 417.0 417.0 418.0 418.0 419.0 420.0 420.0 420.0 419.0 419.0 419.0
354.0 356.0 358.0 359.0 359.0 359.0 360.0 360.0 360.0 362.0 362.0 363.0 362.0 363.0 364.0 364.0 364.0 365.0 365.0 365.0 366.0 366.0 368.0 370.0 371.0 372.0 374.0 377.0 380.0 381.0 382.0 384.0 389.0 394.0 395.0 399.0 401.0 403.0 404.0 406.0 406.0 407.0 408.0 408.0 409.0 410.0 411.0 412.0 413.0 413.0 414.0 415.0 415.0 415.0 415.0 415.0 416.0 416.0 416.0 417.0 417.0 417.0 417.0 417.0 417.0 417.0 417.0 417.0 418.0 419.0 419.0 420.0 420.0 420.0 420.0 420.0 420.0
356.0 357.0 359.0 360.0 360.0 360.0 361.0 362.0 362.0 366.0 366.0 367.0 366.0 366.0 366.0 366.0 366.0 366.0 366.0 366.0 366.0 367.0 368.0 371.0 372.0 372.0 373.0 377.0 381.0 381.0 386.0 387.0 389.0 393.0 397.0 399.0 402.0 403.0 405.0 406.0 406.0 407.0 408.0 408.0 409.0 411.0 412.0 412.0 413.0 414.0 415.0 415.0 415.0 415.0 416.0 416.0 416.0 416.0 416.0 417.0 417.0 417.0 417.0 417.0 417.0 417.0 418.0 418.0 419.0 419.0 420.0 420.0 420.0 421.0 421.0 421.0 420.0
357.0 359.0 360.0 361.0 361.0 362.0 363.0 364.0 364.0 368.0 367.0 369.0 369.0 369.0 370.0 369.0 368.0 367.0 368.0 369.0 370.0 370.0 369.0 371.0 372.0 373.0 374.0 378.0 381.0 381.0 386.0 389.0 392.0 396.0 398.0 402.0 403.0 404.0 405.0 406.0 407.0 407.0 408.0 409.0 410.0 412.0 412.0 413.0 414.0 414.0 415.0 416.0 416.0 416.0 416.0 416.0 417.0 416.0 417.0 417.0 417.0 418.0 418.0 418.0 417.0 418.0 417.0 418.0 419.0 420.0 420.0 420.0 420.0 421.0 421.0 421.0 421.0
358.0 360.0 361.0 362.0 363.0 363.0 364.0 366.0 366.0 371.0 371.0 371.0 372.0 372.0 372.0 372.0 372.0 371.0 371.0 372.0 372.0 372.0 371.0 372.0 374.0 375.0 376.0 379.0 382.0 384.0 387.0 392.0 396.0 399.0 400.0 403.0 403.0 405.0 405.0 406.0 407.0 407.0 408.0 408.0 410.0 412.0 412.0 413.0 414.0 415.0 415.0 416.0 416.0 416.0 416.0 417.0 417.0 417.0 417.0 418.0 418.0 418.0 418.0 418.0 418.0 418.0 418.0 419.0 420.0 421.0 421.0 421.0 421.0 421.0 421.0 421.0 421.0
359.0 361.0 362.0 363.0 364.0 365.0 365.0 367.0 367.0 370.0 370.0 372.0 373.0 373.0 373.0 374.0 375.0 375.0 375.0 375.0 375.0 374.0 373.0 375.0 376.0 377.0 378.0 381.0 384.0 387.0 390.0 395.0 399.0 401.0 401.0 401.0 403.0 405.0 405.0 406.0 407.0 408.0 408.0 409.0 410.0 411.0 412.0 412.0 413.0 414.0 415.0 416.0 416.0 417.0 417.0 418.0 418.0 418.0 418.0 418.0 419.0 419.0 419.0 419.0 419.0 419.0 419.0 419.0 421.0 421.0 421.0 421.0 421.0 421.0 421.0 421.0 421.0
360.0 361.0 363.0 366.0 366.0 367.0 367.0 369.0 369.0 370.0 371.0 372.0 372.0 373.0 374.0 375.0 376.0 377.0 378.0 377.0 376.0 376.0 376.0 377.0 379.0 380.0 380.0 383.0 386.0 389.0 391.0 394.0 398.0 400.0 399.0 401.0 403.0 405.0 405.0 406.0 407.0 407.0 408.0 409.0 410.0 411.0 412.0 412.0 413.0 414.0 415.0 416.0 416.0 417.0 418.0 418.0 419.0 419.0 419.0 419.0 419.0 420.0 419.0 419.0 420.0 420.0 419.0 421.0 422.0 422.0 422.0 422.0 422.0 422.0 422.0 422.0 422.0
361.0 363.0 367.0 368.0 369.0 370.0 371.0 371.0 371.0 371.0 372.0 373.0 373.0 374.0 375.0 376.0 377.0 378.0 379.0 379.0 378.0 378.0 379.0 380.0 381.0 381.0 383.0 385.0 387.0 390.0 391.0 395.0 397.0 398.0 398.0 401.0 403.0 405.0 405.0 406.0 407.0 407.0 408.0 410.0 411.0 412.0 412.0 412.0 413.0 415.0 416.0 416.0 417.0 418.0 418.0 419.0 419.0 419.0 419.0 419.0 420.0 420.0 420.0 420.0 420.0 420.0 421.0 421.0 422.0 422.0 422.0 422.0 422.0 422.0 422.0 422.0 422.0
